0.221,-43,-472,-232
0.237,-43,-468,-234
0.272,-41,-467,-233
0.287,-41,-470,-228
0.318,-40,-472,-222
0.332,-40,-468,-227
0.345,-44,-462,-238
0.377,-48,-457,-243
0.393,-48,-459,-239
0.421,-46,-464,-235
0.512,-49,-466,-239
0.528,-41,-463,-236
0.544,-41,-478,-237
0.58,-45,-486,-236
0.597,-48,-486,-230
0.633,-46,-477,-227
0.668,-42,-463,-233
0.708,-39,-463,-241
0.767,-42,-466,-240
0.783,-42,-463,-242
0.818,-34,-466,-232
0.835,-31,-468,-226
0.91,-53,-482,-224
0.996,-54,-479,-240
1.013,-49,-474,-238
1.028,-49,-482,-234
1.053,-54,-468,-234
1.076,-51,-469,-231
1.093,-45,-475,-231
1.126,-46,-472,-236
1.202,-50,-482,-236
1.244,-43,-473,-231
1.261,-37,-471,-229
1.293,-34,-468,-231
1.34,-32,-471,-235
1.353,-36,-474,-233
1.384,-38,-473,-233
1.397,-37,-473,-232
1.44,-38,-476,-228
1.488,-43,-487,-230
1.504,-43,-490,-225
1.543,-52,-485,-219
1.561,-52,-485,-217
1.634,-59,-485,-229
1.651,-46,-470,-227
1.681,-38,-474,-227
1.697,-37,-476,-232
1.729,-38,-476,-228
1.777,-39,-483,-221
1.841,-38,-484,-223
1.855,-34,-486,-219
1.888,-29,-481,-219
1.904,-31,-475,-219
1.938,-31,-474,-218
1.974,-43,-479,-225
2.03,-37,-481,-228
2.046,-36,-479,-222
2.079,-38,-480,-223
2.174,-39,-481,-228
2.215,-42,-477,-224
2.273,-41,-473,-228
2.291,-38,-473,-237
2.327,-39,-477,-241
2.344,-39,-477,-238
2.381,-40,-473,-237
2.396,-40,-473,-236
2.412,-40,-475,-236
2.449,-42,-476,-240
2.477,-41,-468,-243
2.509,-40,-465,-232
2.559,-41,-474,-233
2.574,-43,-476,-237
2.607,-41,-478,-241
2.622,-38,-476,-242
2.652,-36,-470,-241
2.707,-41,-474,-244
2.755,-41,-474,-245
2.769,-38,-465,-240
2.8,-38,-463,-239
2.813,-37,-462,-244
2.848,-36,-466,-240
2.906,-38,-471,-233
2.945,-44,-466,-238
2.965,-44,-463,-243
3.005,-41,-467,-247
3.042,-40,-478,-244
3.097,-43,-473,-233
3.149,-39,-474,-241
3.165,-44,-476,-242
3.199,-46,-479,-245
3.22,-45,-480,-240
3.295,-41,-472,-238
3.315,-41,-474,-242
3.349,-40,-480,-243
3.366,-40,-478,-241
3.446,-43,-481,-237
3.463,-40,-481,-240
3.499,-38,-477,-240
3.518,-39,-475,-232
3.588,-41,-476,-235
3.632,-40,-477,-233
3.649,-44,-481,-226
3.682,-44,-470,-234
3.699,-39,-471,-233
3.734,-37,-474,-226
3.786,-43,-476,-238
3.827,-42,-479,-228
3.89,-42,-487,-225
3.928,-48,-482,-231
3.944,-41,-482,-229
3.959,-38,-481,-222
3.998,-35,-481,-219
4.122,-41,-480,-221
4.172,-38,-478,-231
4.187,-39,-478,-232
4.214,-39,-479,-230
4.227,-40,-474,-229
4.266,-42,-469,-235
4.316,-47,-473,-233
4.329,-47,-480,-228
4.361,-43,-480,-224
4.374,-44,-481,-224
4.385,-42,-477,-228
4.396,-38,-475,-228
4.409,-37,-478,-232
4.434,-36,-480,-230
4.464,-34,-474,-230
5.023,-41,-463,-238
5.041,-40,-468,-241
5.056,-40,-471,-236
5.072,-42,-478,-233
5.223,-39,-480,-234
5.244,-39,-478,-233
5.262,-40,-478,-235
5.278,-40,-477,-237
5.294,-44,-475,-239
5.309,-41,-472,-237
5.414,-38,-471,-232
5.431,-37,-470,-230
5.445,-41,-471,-235
5.46,-40,-474,-231
5.476,-38,-472,-230
5.491,-41,-469,-239
5.614,-40,-471,-237
5.632,-40,-468,-243
5.647,-38,-464,-248
5.662,-37,-465,-248
5.677,-36,-465,-246
5.692,-36,-467,-243
5.707,-40,-472,-239
5.824,-38,-468,-237
5.846,-37,-469,-232
5.866,-36,-469,-236
5.886,-36,-467,-245
5.905,-38,-466,-244
5.925,-37,-465,-240
5.953,-49,-473,-226
6.023,-52,-473,-227
6.047,-50,-475,-228
6.066,-49,-472,-230
6.081,-46,-470,-235
6.096,-45,-474,-240
6.111,-46,-473,-240
6.131,-41,-480,-234
6.207,-40,-485,-228
6.221,-40,-489,-224
6.234,-44,-483,-228
6.247,-40,-480,-232
6.26,-35,-480,-232
6.273,-40,-479,-228
6.287,-37,-477,-225
6.418,-41,-477,-224
6.433,-42,-477,-220
6.451,-45,-473,-224
6.466,-47,-471,-226
6.48,-45,-478,-225
6.497,-46,-478,-222
6.512,-41,-486,-220
6.613,-36,-485,-222
6.632,-36,-483,-219
6.648,-42,-484,-217
6.663,-45,-487,-219
6.68,-42,-488,-226
6.698,-39,-482,-227
6.714,-42,-488,-231
6.812,-41,-486,-217
6.827,-40,-479,-214
6.842,-40,-472,-222
6.857,-38,-470,-225
6.872,-46,-466,-227
7.013,-45,-464,-232
7.029,-40,-466,-228
7.045,-40,-466,-228
7.061,-36,-475,-237
7.21,-43,-478,-237
7.226,-43,-478,-237
7.243,-43,-475,-239
7.26,-41,-472,-235
7.279,-41,-472,-233
7.3,-33,-477,-234
7.408,-34,-477,-235
7.426,-33,-473,-240
7.44,-32,-469,-242
7.453,-41,-471,-241
7.466,-44,-470,-245
7.478,-37,-466,-245
7.608,-38,-470,-242
7.625,-41,-478,-239
7.641,-43,-477,-244
7.808,-40,-464,-242
7.823,-38,-467,-247
7.837,-35,-466,-246
7.851,-35,-461,-244
8.008,-38,-465,-242
8.026,-37,-465,-245
8.041,-36,-463,-247
8.056,-36,-464,-247
8.071,-36,-469,-248
8.206,-36,-469,-244
8.222,-35,-470,-244
8.237,-35,-469,-244
8.254,-36,-471,-242
8.269,-36,-474,-239
8.286,-38,-476,-237
8.302,-47,-478,-237
8.406,-47,-471,-237
8.424,-45,-468,-238
8.438,-42,-471,-239
8.45,-39,-474,-240
8.462,-39,-478,-240
8.476,-42,-475,-240
8.488,-38,-473,-239
8.595,-37,-469,-241
8.611,-36,-467,-241
8.628,-34,-470,-234
8.645,-35,-474,-229
8.662,-37,-476,-230
8.677,-37,-476,-236
8.692,-37,-477,-239
8.795,-36,-477,-233
8.817,-38,-477,-233
8.835,-41,-477,-234
8.853,-40,-477,-237
8.873,-44,-475,-233
9.006,-48,-476,-232
9.021,-46,-479,-232
9.038,-45,-480,-232
9.053,-51,-479,-221
9.194,-49,-473,-219
9.21,-44,-473,-228
9.225,-44,-467,-232
9.24,-44,-470,-232
9.256,-45,-472,-213
9.395,-42,-472,-221
9.41,-41,-473,-229
9.431,-40,-477,-224
9.449,-44,-481,-218
9.465,-48,-485,-221
9.481,-37,-482,-229
9.597,-38,-479,-235
9.612,-41,-482,-233
9.626,-43,-482,-233
9.64,-41,-477,-234
9.655,-36,-479,-233
9.669,-42,-468,-241
9.794,-41,-466,-234
9.809,-38,-466,-231
9.826,-39,-463,-236
9.84,-39,-462,-232
9.856,-43,-474,-240
9.999,-39,-476,-236
10.016,-35,-474,-234
10.031,-38,-474,-237
10.046,-38,-474,-237
10.061,-38,-466,-244
10.191,-43,-468,-246
10.209,-48,-471,-245
10.224,-48,-471,-245
10.237,-46,-472,-247
10.252,-38,-475,-239
10.389,-41,-470,-242
10.413,-45,-470,-242
10.432,-42,-470,-237
10.451,-41,-474,-232
10.47,-35,-475,-246
10.582,-37,-474,-241
10.599,-41,-473,-240
10.613,-42,-471,-240
10.626,-41,-470,-238
10.639,-38,-467,-241
10.652,-34,-472,-239
10.791,-41,-470,-246
10.807,-45,-470,-247
10.821,-42,-471,-243
10.836,-40,-482,-229
10.979,-40,-484,-233
11.19,-38,-482,-237
11.208,-39,-475,-232
11.224,-41,-474,-228
11.24,-41,-478,-230
11.255,-45,-479,-237
11.27,-44,-474,-236
11.285,-36,-478,-224
11.388,-38,-475,-226
11.403,-37,-468,-227
11.418,-38,-468,-223
11.583,-41,-475,-226
11.597,-40,-476,-225
11.619,-37,-478,-229
11.635,-38,-480,-231
11.651,-39,-474,-227
11.666,-47,-477,-231
11.781,-49,-471,-227
11.978,-49,-474,-226
11.993,-44,-480,-223
12.006,-40,-476,-217
12.021,-38,-477,-223
12.035,-37,-477,-226
12.051,-41,-473,-236
12.067,-38,-479,-236
12.187,-39,-487,-236
12.202,-41,-486,-234
12.377,-43,-483,-233
12.392,-43,-482,-230
12.408,-41,-479,-231
12.421,-38,-478,-236
12.437,-38,-480,-240
12.464,-41,-480,-236
12.483,-34,-474,-234
12.576,-33,-471,-229
12.591,-39,-464,-228
12.603,-41,-460,-232
12.616,-38,-463,-236
12.629,-39,-470,-236
12.641,-44,-474,-238
12.655,-41,-480,-243
12.765,-38,-478,-245
12.778,-39,-484,-247
12.79,-42,-485,-243
12.809,-43,-476,-241
12.82,-43,-472,-243
12.976,-41,-475,-241
12.989,-39,-475,-238
13.003,-33,-474,-231
13.016,-28,-476,-229
13.029,-36,-472,-237
13.041,-42,-470,-241
13.063,-42,-467,-244
13.175,-41,-472,-242
13.192,-38,-471,-241
13.364,-39,-470,-240
13.575,-44,-469,-240
13.59,-48,-467,-238
13.605,-48,-467,-238
13.62,-40,-467,-242
13.635,-42,-481,-226
13.649,-44,-472,-217
13.775,-41,-468,-231
13.791,-41,-468,-231
13.806,-40,-473,-225
13.821,-40,-473,-224
13.837,-36,-469,-231
13.853,-40,-469,-231
13.971,-40,-476,-235
13.987,-38,-479,-233
14.001,-39,-474,-233
14.017,-41,-473,-227
14.033,-43,-480,-230
14.05,-41,-480,-235
14.072,-44,-482,-230
14.163,-44,-481,-231
14.179,-42,-483,-229
14.196,-41,-484,-224
14.21,-42,-478,-220
14.225,-43,-475,-218
14.239,-39,-481,-221
14.255,-37,-469,-225
14.371,-34,-473,-224
14.387,-37,-477,-228
14.401,-39,-481,-226
14.416,-39,-483,-223
14.431,-39,-480,-228
14.448,-40,-476,-234
14.468,-40,-483,-243
14.561,-40,-482,-241
14.577,-42,-484,-236
14.591,-41,-478,-234
14.608,-38,-475,-229
14.622,-37,-480,-228
14.638,-36,-481,-226
14.655,-43,-466,-235
14.762,-41,-466,-235
14.778,-38,-470,-227
14.793,-39,-476,-223
14.807,-44,-479,-232
14.872,-44,-482,-241
14.886,-39,-481,-240
14.9,-39,-460,-234
14.96,-39,-465,-237
14.979,-40,-467,-234
14.995,-38,-470,-233
15.008,-39,-474,-237
15.032,-37,-467,-236
15.046,-34,-466,-236
15.061,-39,-466,-243
15.16,-40,-472,-241
15.175,-38,-468,-238
15.193,-37,-460,-239
15.205,-36,-458,-244
15.217,-36,-458,-246
15.23,-38,-457,-247
15.244,-42,-463,-245
15.354,-39,-464,-253
15.373,-39,-463,-250
15.393,-42,-466,-247
15.411,-45,-470,-245
15.443,-44,-469,-245
15.464,-42,-467,-244
15.484,-38,-471,-241
15.561,-39,-464,-243
15.758,-41,-464,-242
15.773,-40,-469,-232
15.788,-40,-469,-230
15.804,-46,-469,-237
15.819,-47,-467,-241
15.833,-41,-470,-245
15.848,-36,-478,-251
15.958,-39,-475,-250
15.974,-37,-480,-245
15.988,-36,-479,-242
16.003,-38,-478,-239
16.017,-37,-484,-239
16.032,-43,-482,-242
16.05,-48,-482,-241
16.158,-39,-477,-231
16.174,-40,-475,-234
16.188,-38,-474,-237
16.206,-34,-471,-232
16.223,-35,-474,-228
16.24,-38,-476,-230
16.255,-37,-472,-233
16.356,-36,-467,-234
16.371,-36,-462,-235
16.386,-40,-464,-229
16.4,-44,-471,-226
16.415,-44,-485,-226
16.546,-42,-481,-214
16.565,-39,-481,-219
16.584,-47,-476,-226
16.757,-45,-472,-229
16.77,-49,-475,-226
16.782,-48,-478,-225
16.794,-42,-480,-227
16.805,-41,-478,-225
16.818,-37,-474,-230
16.958,-38,-473,-225
16.973,-39,-469,-231
16.988,-37,-469,-236
17.002,-36,-467,-236
17.017,-36,-466,-232
17.031,-36,-466,-232
17.045,-32,-476,-232
17.158,-36,-477,-234
17.174,-42,-473,-235
17.189,-41,-466,-238
17.205,-41,-466,-238
17.221,-38,-461,-241
17.237,-44,-470,-243
17.347,-42,-469,-246
17.364,-42,-469,-246
17.38,-41,-467,-247
17.395,-39,-466,-240
17.542,-39,-468,-242
17.556,-37,-473,-245
17.568,-34,-475,-242
17.579,-38,-466,-239
17.741,-39,-465,-240
17.753,-39,-469,-236
17.766,-37,-471,-227
17.777,-39,-470,-228
17.789,-39,-467,-241
17.801,-43,-461,-245
17.933,-41,-461,-242
17.948,-38,-465,-243
17.962,-37,-467,-246
17.987,-36,-466,-247
18.001,-42,-468,-243
18.018,-47,-473,-239
18.035,-40,-455,-244
18.144,-38,-462,-244
18.164,-39,-468,-242
18.18,-41,-471,-241
18.195,-41,-476,-238
18.212,-38,-472,-237
18.229,-37,-468,-239
18.245,-34,-468,-236
18.332,-30,-466,-238
18.346,-31,-466,-237
18.365,-31,-465,-239
18.379,-36,-469,-239
18.393,-41,-479,-231
18.528,-40,-478,-225
18.542,-40,-482,-222
18.555,-49,-476,-229
18.741,-51,-479,-231
18.758,-47,-480,-234
18.776,-43,-483,-233
18.794,-37,-484,-230
18.813,-34,-480,-227
18.831,-35,-474,-225
18.853,-38,-474,-225
18.944,-38,-485,-233
18.963,-37,-483,-234
18.981,-36,-480,-233
18.999,-36,-478,-233
19.022,-36,-478,-228
19.042,-36,-477,-226
19.062,-38,-479,-229
19.081,-37,-468,-235
19.137,-38,-464,-238
19.157,-41,-465,-232
19.341,-37,-480,-224
19.36,-37,-467,-238
19.531,-41,-470,-237
19.548,-38,-469,-239
19.563,-35,-473,-239
19.578,-37,-475,-235
19.593,-39,-472,-240
19.608,-37,-468,-242
19.627,-36,-459,-243
19.731,-42,-460,-248
19.747,-43,-461,-248
19.761,-33,-463,-242
19.775,-30,-470,-239
19.79,-35,-472,-241
19.804,-40,-470,-243
19.819,-37,-470,-228
19.928,-36,-471,-234
19.947,-40,-474,-244
19.963,-40,-474,-246
19.975,-37,-472,-250
20.131,-34,-477,-245
20.148,-39,-471,-240
20.162,-40,-470,-238
20.178,-45,-460,-242
20.327,-40,-463,-243
20.342,-40,-473,-248
20.357,-42,-479,-250
20.371,-41,-474,-243
20.387,-36,-469,-237
20.401,-36,-469,-237
20.418,-43,-473,-236
20.527,-41,-475,-234
20.542,-38,-474,-235
20.556,-37,-471,-240
20.571,-41,-472,-242
20.586,-41,-472,-242
20.602,-38,-481,-241
20.728,-35,-477,-241
20.744,-35,-471,-240
20.758,-35,-471,-240
20.773,-45,-466,-240
20.924,-42,-468,-234
20.941,-42,-468,-234
20.956,-39,-475,-231
20.97,-37,-480,-233
20.984,-43,-472,-226
21.122,-39,-474,-227
21.137,-37,-474,-227
21.16,-39,-469,-235
21.178,-39,-471,-236
21.193,-40,-474,-234
21.207,-45,-471,-225
21.312,-44,-472,-227
21.337,-44,-473,-227
21.515,-42,-471,-228
21.531,-39,-472,-230
21.546,-39,-477,-227
21.56,-38,-468,-230
21.575,-37,-473,-227
21.591,-39,-473,-228
21.715,-37,-475,-230
21.731,-32,-476,-233
21.745,-32,-479,-235
21.761,-34,-480,-238
21.777,-37,-481,-237
21.791,-41,-483,-236
21.808,-39,-473,-231
21.913,-37,-466,-232
21.929,-39,-470,-232
21.941,-39,-474,-230
21.953,-35,-475,-229
21.964,-31,-476,-233
21.976,-34,-481,-237
21.988,-37,-473,-239
22.111,-43,-469,-235
22.124,-43,-475,-238
22.136,-41,-476,-241
22.148,-38,-470,-240
22.159,-35,-463,-244
22.321,-38,-468,-242
22.339,-39,-469,-243
22.355,-37,-469,-244
22.372,-41,-469,-244
22.386,-42,-465,-244
22.4,-32,-464,-238
22.513,-32,-475,-237
22.529,-36,-472,-241
22.544,-38,-464,-245
22.558,-39,-469,-246
22.574,-39,-477,-243
22.59,-37,-477,-244
22.608,-40,-465,-240
22.71,-40,-467,-240
22.726,-36,-462,-240
22.741,-34,-461,-240
22.758,-39,-465,-240
22.772,-42,-470,-233
22.913,-41,-470,-228
22.929,-38,-467,-234
22.943,-37,-468,-244
22.958,-46,-472,-237
23.109,-43,-471,-239
23.125,-30,-474,-239
23.139,-29,-469,-240
23.154,-35,-463,-240
23.169,-40,-468,-242
23.184,-36,-474,-242
23.308,-34,-471,-241
23.32,-33,-466,-245
23.334,-39,-463,-244
23.348,-41,-458,-240
23.36,-38,-464,-238
23.373,-39,-466,-240
23.509,-39,-465,-236
23.528,-37,-469,-238
23.544,-43,-469,-243
23.558,-52,-469,-237
23.573,-54,-469,-234
23.588,-44,-473,-238
23.697,-40,-469,-239
23.712,-38,-469,-239
23.736,-37,-475,-240
23.751,-43,-476,-233
23.765,-38,-473,-228
23.901,-39,-477,-232
23.916,-39,-473,-234
23.931,-42,-467,-237
23.946,-44,-480,-236
24.108,-42,-485,-236
24.122,-41,-481,-232
24.137,-42,-474,-230
24.151,-41,-478,-233
24.167,-40,-477,-237
24.186,-43,-483,-235
24.298,-43,-484,-231
24.314,-46,-480,-227
24.329,-45,-472,-221
24.345,-40,-468,-225
24.359,-38,-473,-229
24.376,-41,-478,-225
24.508,-40,-475,-225
24.524,-38,-470,-226
24.539,-37,-471,-225
24.554,-36,-472,-222
24.568,-40,-477,-217
24.696,-46,-477,-227
24.711,-51,-475,-236
24.728,-52,-467,-238
24.743,-52,-466,-231
24.759,-36,-474,-236
24.895,-40,-474,-238
24.91,-42,-475,-239
24.927,-41,-472,-242
24.941,-40,-468,-243
24.956,-36,-465,-232
25.099,-34,-469,-232
25.114,-35,-471,-223
25.128,-42,-466,-219
25.143,-45,-470,-224
25.157,-40,-474,-233
25.182,-36,-472,-245
25.296,-42,-473,-245
25.321,-52,-471,-242
25.338,-47,-470,-241
25.354,-39,-471,-234
25.369,-35,-468,-231
25.385,-32,-462,-237
25.493,-36,-472,-241
25.509,-38,-477,-240
25.523,-41,-477,-242
25.538,-43,-475,-241
25.553,-39,-469,-242
25.694,-40,-463,-239
25.709,-40,-462,-237
25.733,-38,-470,-239
25.751,-32,-477,-237
25.894,-34,-479,-236
25.909,-37,-476,-236
25.923,-39,-474,-238
25.945,-39,-474,-238
25.961,-39,-469,-237
25.976,-39,-467,-242
26.092,-39,-466,-241
26.111,-37,-472,-243
26.129,-37,-472,-243
26.147,-34,-475,-243
26.167,-35,-472,-233
26.188,-43,-471,-238
26.295,-43,-477,-235
26.312,-43,-477,-235
26.326,-43,-475,-238
26.341,-37,-472,-241
26.356,-39,-470,-236
26.489,-42,-472,-245
26.504,-43,-468,-246
26.519,-41,-466,-241
26.534,-34,-469,-239
26.689,-35,-469,-239
26.704,-37,-471,-235
26.719,-37,-464,-236
26.735,-30,-464,-240
26.749,-27,-469,-238
26.777,-43,-467,-232
26.883,-43,-468,-234
27.085,-39,-471,-235
27.097,-37,-474,-233
27.108,-41,-474,-231
27.119,-47,-467,-231
27.139,-31,-479,-235
27.154,-47,-482,-226
27.291,-39,-481,-218
27.31,-33,-479,-217
27.329,-34,-476,-223
27.347,-35,-472,-226
27.366,-33,-475,-229
27.385,-37,-478,-233
27.681,-38,-475,-231
27.697,-39,-474,-230
27.711,-39,-478,-227
27.726,-40,-473,-232
27.739,-40,-469,-236
27.756,-38,-475,-238
27.773,-38,-483,-235
28.077,-39,-482,-236
28.27,-41,-481,-238
28.302,-38,-475,-237
28.321,-35,-474,-236
28.339,-35,-480,-232
28.361,-38,-485,-228
28.381,-37,-467,-235
28.397,-38,-477,-239
28.475,-39,-475,-237
28.49,-39,-472,-239
28.682,-40,-468,-246
28.698,-38,-462,-249
28.714,-39,-464,-244
28.728,-41,-473,-236
28.742,-42,-475,-237
28.757,-39,-476,-239
28.774,-43,-469,-237
28.881,-39,-471,-239
28.897,-35,-472,-239
28.912,-35,-475,-238
28.926,-38,-472,-237
28.941,-41,-464,-238
28.956,-40,-464,-237
28.972,-44,-473,-246
29.075,-42,-471,-241
29.098,-36,-472,-236
29.114,-34,-475,-234
29.129,-37,-474,-237
29.144,-41,-476,-243
29.16,-40,-470,-246
29.176,-37,-473,-240
29.264,-37,-471,-244
29.28,-36,-468,-251
29.295,-35,-476,-244
29.32,-35,-476,-242
29.335,-33,-466,-241
29.35,-33,-466,-241
29.371,-40,-468,-240
29.464,-38,-471,-240
29.488,-37,-470,-238
29.499,-34,-469,-237
29.511,-35,-473,-239
29.523,-40,-475,-241
29.536,-40,-478,-243
29.547,-41,-468,-236
29.673,-43,-466,-234
29.69,-47,-461,-235
29.706,-43,-465,-236
29.721,-37,-476,-238
29.737,-36,-479,-241
29.752,-40,-471,-234
29.767,-45,-470,-234
29.867,-40,-472,-228
29.888,-38,-474,-235
29.906,-37,-480,-233
29.924,-38,-481,-226
29.943,-39,-477,-225
29.965,-37,-470,-224
29.987,-38,-475,-236
30.075,-39,-474,-230
30.093,-37,-473,-222
30.109,-36,-473,-225
30.267,-36,-469,-233
30.283,-38,-471,-235
30.298,-41,-476,-233
30.313,-36,-483,-217
30.328,-38,-486,-223
30.342,-39,-481,-226
30.357,-41,-474,-216
30.465,-38,-475,-222
30.481,-35,-474,-230
30.495,-37,-478,-229
30.51,-41,-482,-228
30.524,-40,-481,-228
30.539,-42,-479,-228
30.556,-40,-480,-235
30.66,-38,-474,-233
30.676,-43,-471,-235
30.691,-46,-474,-235
30.706,-40,-474,-236
30.72,-40,-475,-236
30.737,-42,-478,-230
30.752,-38,-475,-241
30.86,-37,-472,-240
30.875,-38,-472,-236
30.892,-39,-477,-236
30.907,-39,-481,-238
30.921,-37,-479,-237
30.934,-37,-479,-237
30.953,-40,-487,-237
31.055,-38,-486,-236
31.067,-37,-477,-232
31.079,-41,-466,-234
31.096,-42,-461,-233
31.109,-40,-480,-228
31.26,-38,-474,-232
31.273,-39,-465,-238
31.285,-37,-465,-239
31.296,-37,-465,-239
31.308,-30,-463,-240
31.318,-35,-462,-243
31.448,-35,-468,-239
31.463,-36,-469,-238
31.477,-36,-469,-238
31.492,-29,-469,-239
31.506,-28,-475,-235
31.531,-40,-476,-237
31.649,-40,-477,-238
31.665,-38,-481,-237
31.679,-38,-481,-237
31.693,-37,-477,-234
31.708,-32,-475,-237
31.723,-30,-478,-237
31.74,-41,-471,-248
31.849,-40,-477,-247
32.056,-40,-477,-247
32.069,-40,-475,-245
32.081,-38,-465,-243
32.094,-38,-456,-242
32.113,-36,-464,-251
32.258,-38,-460,-256
32.273,-43,-456,-254
32.288,-43,-459,-249
32.302,-37,-464,-244
32.317,-34,-465,-248
32.332,-35,-469,-252
32.347,-36,-476,-241
32.448,-36,-474,-240
32.464,-34,-474,-236
32.479,-30,-467,-240
32.493,-31,-466,-242
32.509,-34,-474,-235
32.523,-37,-478,-235
32.539,-39,-471,-239
32.644,-41,-470,-239
32.658,-45,-472,-240
32.672,-44,-470,-240
32.685,-42,-472,-234
32.706,-41,-470,-231
32.719,-38,-474,-238
32.849,-40,-471,-240
32.865,-38,-472,-236
32.88,-34,-479,-234
32.895,-33,-478,-239
32.91,-37,-475,-242
32.924,-37,-484,-235
33.047,-36,-487,-233
33.064,-32,-484,-233
33.078,-32,-478,-232
33.092,-36,-471,-226
33.107,-38,-472,-221
33.122,-38,-464,-227
33.255,-41,-473,-228
33.275,-40,-473,-221
33.294,-40,-473,-223
33.313,-42,-479,-228
33.331,-41,-479,-224
33.445,-41,-478,-224
33.466,-44,-477,-226
33.482,-44,-475,-225
33.498,-37,-478,-222
33.514,-43,-474,-232
33.643,-46,-478,-234
33.66,-45,-477,-233
33.674,-42,-471,-235
33.686,-40,-471,-218
33.843,-40,-474,-221
33.858,-38,-476,-229
33.872,-37,-481,-235
33.888,-36,-481,-240
33.91,-40,-475,-230
34.042,-40,-476,-231
34.057,-40,-474,-234
34.07,-38,-478,-237
34.083,-39,-475,-239
34.096,-39,-466,-237
34.109,-40,-467,-232
34.123,-38,-478,-235
34.239,-39,-475,-231
34.261,-39,-472,-232
34.278,-35,-472,-236
34.296,-33,-477,-242
34.315,-35,-469,-238
34.429,-31,-463,-239
34.451,-29,-464,-240
34.464,-35,-465,-240
34.478,-37,-465,-242
34.491,-34,-468,-245
34.641,-37,-466,-245
34.657,-41,-463,-240
34.671,-40,-464,-238
34.841,-30,-464,-238
34.858,-33,-467,-237
34.879,-32,-468,-243
35.039,-35,-467,-237
35.054,-33,-470,-238
35.069,-32,-474,-237
35.084,-37,-472,-241
35.23,-34,-477,-243
35.243,-33,-477,-246
35.254,-32,-473,-238
35.268,-34,-471,-239
35.28,-31,-470,-242
35.293,-25,-474,-239
35.306,-39,-479,-239
35.439,-37,-480,-241
35.454,-34,-472,-243
35.469,-35,-462,-239
35.483,-38,-461,-231
35.499,-39,-465,-229
35.515,-37,-469,-235
35.533,-40,-480,-245
35.626,-40,-476,-244
35.64,-38,-468,-242
35.654,-37,-469,-241
35.667,-36,-475,-240
35.68,-38,-480,-240
35.693,-38,-480,-240
35.706,-42,-470,-237
35.826,-41,-467,-236
35.851,-40,-466,-232
35.867,-42,-470,-230
35.883,-43,-476,-235
35.906,-43,-476,-235
35.927,-46,-474,-233
36.036,-37,-475,-223
36.051,-37,-474,-228
36.066,-34,-465,-230
36.083,-33,-465,-229
36.098,-33,-465,-229
36.116,-34,-474,-222
36.133,-37,-474,-230
36.226,-34,-480,-233
36.242,-31,-480,-237
36.256,-31,-480,-237
36.27,-43,-478,-234
36.417,-39,-477,-239
36.433,-37,-475,-238
36.458,-37,-470,-237
36.472,-39,-480,-233
36.627,-39,-481,-228
36.644,-42,-479,-228
36.659,-41,-471,-226
36.672,-40,-468,-225
36.687,-40,-471,-229
36.701,-36,-469,-240
36.828,-34,-467,-238
36.844,-33,-468,-233
36.859,-32,-469,-234
36.873,-36,-473,-237
36.891,-40,-473,-237
36.906,-44,-471,-238
36.922,-40,-469,-241
37.018,-36,-469,-243
37.032,-36,-471,-241
37.044,-36,-474,-245
37.06,-36,-471,-249
37.073,-32,-471,-237
37.223,-32,-468,-237
37.239,-32,-464,-245
37.254,-34,-462,-247
37.269,-32,-472,-245
37.422,-30,-470,-236
37.437,-35,-474,-232
37.451,-38,-473,-234
37.466,-37,-467,-235
37.48,-36,-464,-236
37.495,-38,-464,-234
37.518,-33,-469,-233
37.624,-30,-473,-230
37.647,-35,-475,-233
37.665,-38,-476,-235
37.68,-37,-477,-240
37.698,-43,-481,-242
37.716,-37,-482,-242
37.824,-38,-486,-243
37.84,-37,-485,-243
37.854,-30,-479,-242
37.869,-31,-471,-231
38.015,-27,-470,-227
38.032,-30,-465,-234
38.047,-33,-467,-239
38.061,-27,-474,-241
38.211,-27,-482,-240
38.227,-25,-486,-240
38.243,-29,-485,-234
38.412,-26,-479,-231
38.428,-23,-476,-236
38.444,-29,-469,-233
38.459,-31,-473,-232
38.473,-31,-477,-232
38.488,-29,-476,-232
38.608,-26,-475,-234
38.624,-25,-476,-235
38.637,-24,-474,-229
38.651,-26,-472,-231
38.664,-31,-477,-238
38.677,-29,-477,-237
38.691,-32,-461,-232
38.81,-32,-468,-234
38.825,-30,-477,-233
38.84,-31,-481,-237
38.854,-31,-481,-241
38.879,-34,-477,-234
38.896,-37,-475,-224
38.913,-34,-466,-225
39.01,-33,-463,-229
39.025,-34,-462,-228
39.044,-35,-464,-226
39.06,-33,-467,-227
39.077,-32,-472,-221
39.1,-20,-484,-235
39.21,-24,-487,-236
39.225,-30,-484,-229
39.239,-29,-480,-229
39.254,-26,-476,-230
39.268,-25,-469,-228
39.407,-27,-473,-224
39.422,-25,-482,-226
39.439,-24,-481,-227
39.454,-34,-470,-226
39.605,-35,-476,-231
39.627,-31,-476,-232
39.644,-31,-476,-232
39.659,-29,-479,-232
39.675,-31,-482,-232
39.689,-37,-472,-233
39.805,-35,-473,-235
39.817,-35,-473,-235
39.829,-33,-471,-229
39.84,-30,-478,-222
39.857,-29,-482,-223
39.869,-26,-478,-223
39.997,-29,-477,-219
40.01,-31,-469,-222
40.023,-33,-462,-229
40.035,-37,-468,-229
40.045,-23,-478,-231
40.408,-24,-478,-229
40.424,-22,-482,-231
40.439,-18,-479,-231
40.453,-19,-472,-230
40.468,-24,-468,-224
40.483,-33,-476,-221
40.5,-28,-478,-214
40.608,-30,-477,-220
40.624,-27,-477,-230
40.638,-27,-475,-233
40.653,-30,-474,-231
40.668,-31,-476,-216
40.684,-42,-465,-235
40.799,-34,-465,-231
40.816,-31,-467,-236
40.83,-29,-475,-236
40.845,-26,-476,-236
40.862,-31,-472,-238
40.877,-36,-470,-237
40.894,-32,-471,-226
40.998,-30,-468,-225
41.014,-27,-468,-227
41.028,-25,-471,-223
41.194,-18,-474,-221
41.21,-13,-476,-225
41.225,-19,-476,-229
41.24,-42,-481,-235
41.256,-41,-479,-236
41.271,-40,-471,-238
41.29,-36,-473,-214
41.393,-34,-480,-217
41.407,-33,-485,-225
41.42,-34,-481,-227
41.436,-35,-477,-223
41.452,-35,-477,-226
41.466,-36,-479,-233
41.482,-40,-478,-219
41.584,-38,-475,-217
41.599,-37,-474,-212
41.624,-36,-471,-221
41.638,-38,-472,-222
41.65,-41,-479,-217
41.664,-38,-480,-221
41.679,-44,-487,-224
41.783,-38,-488,-232
41.799,-30,-482,-230
41.823,-31,-477,-220
41.838,-34,-481,-222
41.853,-35,-479,-230
41.869,-39,-477,-236
41.983,-40,-481,-232
41.999,-38,-479,-228
42.013,-39,-474,-232
42.027,-37,-471,-230
42.042,-36,-473,-238
42.191,-34,-469,-235
42.209,-39,-465,-238
42.224,-37,-471,-243
42.239,-42,-469,-235
42.385,-36,-473,-229
42.4,-32,-477,-228
42.415,-34,-484,-237
42.429,-35,-484,-236
42.445,-35,-483,-234
42.462,-31,-470,-235
42.591,-33,-467,-242
42.609,-35,-470,-243
42.624,-35,-472,-241
42.639,-36,-468,-241
42.655,-36,-466,-238
42.67,-32,-479,-242
42.792,-28,-474,-243
42.807,-28,-469,-243
42.821,-30,-465,-244
42.836,-31,-469,-246
42.852,-34,-464,-245
42.982,-35,-465,-244
42.998,-33,-463,-240
43.013,-32,-460,-240
43.027,-34,-466,-237
43.18,-37,-465,-236
43.201,-36,-465,-238
43.215,-36,-465,-238
43.228,-34,-469,-237
43.24,-37,-473,-230
43.253,-37,-477,-235
43.382,-37,-473,-237
43.397,-37,-473,-237
43.412,-34,-473,-239
43.435,-31,-471,-239
43.45,-31,-468,-238
43.465,-35,-470,-240
43.58,-36,-469,-240
43.78,-36,-465,-242
43.795,-36,-469,-237
43.816,-36,-469,-234
43.831,-36,-469,-235
43.846,-39,-471,-234
43.861,-39,-468,-235
43.877,-36,-481,-227
43.982,-36,-481,-234
43.997,-36,-481,-235
44.01,-36,-475,-236
44.021,-38,-474,-238
44.034,-39,-478,-237
44.046,-32,-474,-236
44.174,-32,-473,-238
44.188,-32,-475,-233
44.199,-34,-478,-224
44.213,-39,-480,-224
44.224,-39,-478,-224
44.237,-29,-478,-227
44.377,-26,-482,-236
44.393,-25,-479,-238
44.407,-29,-476,-233
44.422,-37,-481,-232
44.437,-40,-481,-232
44.451,-40,-475,-234
44.466,-37,-462,-240
44.577,-40,-459,-236
44.594,-38,-458,-234
44.607,-33,-460,-237
44.619,-34,-465,-232
44.632,-35,-471,-230
44.645,-31,-470,-235
44.658,-35,-455,-241
44.775,-35,-460,-241
44.791,-36,-471,-242
44.976,-36,-472,-243
44.992,-34,-471,-239
45.006,-30,-470,-240
45.02,-35,-465,-247
45.035,-37,-467,-243
45.05,-32,-463,-243
45.172,-34,-469,-243
45.187,-35,-471,-246
45.201,-33,-466,-247
45.216,-35,-465,-243
45.23,-35,-467,-242
45.257,-38,-468,-243
45.273,-32,-467,-250
45.377,-32,-462,-249
45.395,-34,-459,-246
45.41,-35,-460,-247
45.424,-33,-463,-245
45.439,-35,-470,-240
45.454,-33,-478,-244
45.469,-35,-474,-234
45.564,-35,-473,-233
45.58,-36,-480,-237
45.594,-36,-478,-243
45.774,-42,-475,-237
45.79,-45,-478,-236
45.804,-35,-469,-237
45.816,-29,-475,-236
45.829,-28,-478,-238
45.841,-33,-476,-231
45.963,-32,-481,-232
45.978,-34,-479,-228
45.993,-37,-471,-221
46.007,-36,-470,-227
46.022,-36,-472,-232
46.048,-31,-483,-234
46.164,-34,-478,-231
46.18,-35,-475,-225
46.194,-35,-476,-224
46.209,-33,-477,-224
46.223,-30,-479,-226
46.239,-39,-477,-224
46.369,-40,-479,-226
46.389,-38,-482,-231
46.408,-34,-484,-230
46.425,-31,-482,-224
46.445,-32,-470,-233
46.565,-34,-472,-230
46.579,-37,-477,-227
46.591,-36,-477,-228
46.611,-36,-475,-232
46.625,-37,-470,-242
46.769,-32,-472,-239
46.783,-28,-477,-235
46.797,-26,-475,-234
46.814,-34,-475,-232
46.95,-33,-478,-232
46.976,-32,-475,-238
47.16,-30,-468,-239
47.174,-31,-466,-237
47.185,-29,-470,-232
47.197,-39,-479,-226
47.358,-41,-476,-231
47.375,-38,-470,-238
47.56,-36,-462,-237
47.577,-34,-462,-234
47.589,-33,-468,-233
47.601,-32,-473,-237
47.614,-34,-468,-241
47.626,-30,-474,-242
47.746,-33,-471,-243
47.767,-32,-477,-241
47.778,-34,-485,-241
47.789,-34,-485,-241
47.802,-39,-483,-240
47.814,-40,-471,-242
47.827,-34,-475,-242
48.158,-36,-474,-246
48.175,-36,-474,-246
48.189,-34,-472,-245
48.201,-33,-470,-242
48.214,-32,-472,-241
48.226,-34,-475,-238
48.238,-33,-474,-228
48.346,-23,-461,-238
48.361,-26,-463,-239
48.373,-31,-468,-239
48.386,-31,-469,-240
48.398,-29,-467,-240
48.411,-31,-472,-240
48.424,-25,-466,-234
48.542,-26,-478,-235
48.556,-33,-480,-240
48.568,-35,-474,-242
48.58,-35,-476,-241
48.592,-38,-483,-240
48.604,-39,-484,-236
48.623,-37,-472,-232
48.743,-36,-475,-238
48.758,-38,-480,-239
48.77,-37,-479,-231
48.782,-34,-476,-223
48.795,-33,-481,-224
48.807,-34,-483,-224
48.82,-33,-482,-227
48.943,-37,-480,-232
48.969,-36,-474,-234
48.982,-36,-471,-235
48.996,-36,-472,-233
49.01,-36,-475,-235
49.023,-36,-472,-235
49.037,-34,-478,-226
49.153,-30,-473,-223
49.168,-33,-475,-223
49.183,-37,-478,-226
49.199,-36,-480,-227
49.214,-36,-480,-232
49.231,-38,-476,-232
49.247,-36,-486,-221
49.349,-32,-481,-220
49.367,-34,-475,-227
49.381,-35,-476,-229
49.393,-35,-481,-227
49.405,-33,-483,-225
49.418,-28,-480,-231
49.43,-36,-471,-224
49.54,-34,-474,-222
49.555,-30,-474,-227
49.568,-33,-471,-232
49.582,-37,-468,-238
49.594,-34,-466,-237
49.606,-29,-470,-226
49.618,-35,-475,-229
49.75,-38,-476,-233
49.769,-41,-481,-239
49.787,-42,-479,-239
49.805,-37,-471,-238
49.823,-34,-470,-239
49.842,-35,-467,-237
49.861,-35,-470,-232
49.942,-36,-472,-230
49.957,-34,-470,-231
49.971,-30,-467,-236
49.985,-27,-468,-238
50.006,-29,-469,-243
50.022,-33,-467,-246
50.037,-30,-471,-230
50.142,-33,-472,-233
50.158,-37,-468,-239
50.172,-36,-471,-242
50.187,-36,-468,-245
50.329,-36,-460,-249
50.345,-25,-476,-243
50.369,-26,-476,-241
50.541,-29,-475,-245
50.558,-28,-474,-247
50.573,-40,-469,-239
50.585,-42,-467,-239
50.596,-39,-466,-244
50.608,-31,-465,-241
50.736,-29,-469,-240
50.749,-31,-473,-238
50.762,-33,-471,-241
50.775,-35,-466,-245
50.788,-35,-470,-236
50.802,-39,-469,-242
50.928,-37,-475,-245
50.944,-34,-480,-247
50.957,-31,-481,-243
50.969,-29,-479,-241
50.98,-33,-478,-234
50.999,-34,-475,-229
51.01,-36,-470,-231
51.138,-36,-467,-238
51.153,-38,-466,-239
51.167,-41,-472,-242
51.181,-42,-481,-245
51.196,-37,-479,-244
51.213,-37,-479,-244
51.231,-37,-478,-236
51.331,-34,-465,-236
51.353,-33,-463,-236
51.369,-34,-473,-236
51.383,-34,-473,-236
51.398,-37,-479,-236
51.412,-34,-482,-230
51.539,-35,-481,-225
51.554,-38,-475,-222
51.569,-38,-475,-222
51.584,-37,-470,-223
51.599,-39,-477,-224
51.726,-37,-475,-222
51.742,-38,-476,-221
51.754,-41,-474,-227
51.766,-35,-463,-223
51.931,-35,-470,-230
51.951,-36,-472,-231
51.97,-40,-466,-232
51.988,-42,-468,-232
52.007,-41,-477,-230
52.029,-40,-475,-230
52.126,-40,-474,-235
52.142,-38,-478,-236
52.156,-34,-479,-236
52.171,-31,-482,-238
52.184,-31,-482,-237
52.198,-36,-471,-236
52.212,-32,-477,-237
52.326,-32,-477,-236
52.34,-30,-473,-232
52.355,-28,-472,-235
52.524,-28,-473,-238
52.54,-32,-469,-239
52.555,-32,-465,-240
52.567,-32,-463,-238
52.585,-39,-473,-239
52.727,-37,-471,-233
52.743,-36,-470,-239
52.758,-36,-467,-246
52.771,-34,-462,-245
52.783,-31,-461,-240
52.795,-31,-470,-236
52.806,-36,-463,-243
52.925,-36,-460,-239
52.938,-36,-463,-233
52.95,-36,-464,-233
52.962,-36,-464,-234
52.973,-36,-467,-240
52.985,-33,-456,-241
53.114,-34,-463,-245
53.128,-37,-464,-246
53.141,-34,-465,-243
53.153,-31,-465,-241
53.166,-35,-474,-232
53.322,-31,-471,-236
53.337,-34,-468,-240
53.351,-39,-466,-242
53.364,-42,-470,-239
53.377,-38,-474,-237
53.39,-38,-477,-239
53.512,-37,-477,-237
53.525,-36,-470,-237
53.539,-38,-472,-236
53.55,-39,-472,-240
53.564,-33,-473,-242
53.578,-30,-477,-239
53.604,-32,-475,-234
53.714,-34,-476,-224
53.73,-35,-474,-216
53.744,-33,-474,-220
53.924,-28,-475,-226
53.94,-39,-480,-237
53.955,-39,-476,-234
53.972,-40,-472,-229
53.99,-37,-475,-226
54.007,-38,-475,-231
54.111,-35,-478,-223
54.128,-31,-482,-219
54.143,-34,-477,-222
54.157,-37,-477,-227
54.171,-41,-481,-232
54.186,-36,-478,-229
54.31,-36,-477,-231
54.327,-36,-475,-236
54.341,-34,-474,-236
54.357,-33,-478,-234
54.372,-33,-475,-231
54.389,-33,-475,-231
54.405,-36,-477,-230
54.52,-38,-483,-229
54.538,-37,-484,-228
54.553,-36,-478,-224
54.567,-36,-478,-224
54.582,-38,-467,-227
54.712,-35,-466,-227
54.728,-35,-466,-227
54.741,-31,-463,-232
54.755,-36,-476,-241
55.11,-36,-476,-234
55.126,-36,-481,-231
55.14,-36,-483,-234
55.155,-36,-471,-235
55.169,-36,-462,-235
55.184,-41,-469,-242
55.308,-40,-469,-237
55.322,-38,-465,-236
55.335,-37,-465,-245
55.348,-38,-467,-249
55.361,-39,-466,-246
55.375,-37,-472,-241
55.39,-36,-465,-244
55.496,-36,-461,-244
55.523,-36,-463,-240
55.537,-34,-464,-242
55.553,-33,-462,-241
55.57,-34,-466,-238
55.587,-31,-474,-237
55.601,-37,-464,-236
55.711,-39,-467,-238
55.727,-33,-468,-241
55.909,-28,-466,-241
55.932,-30,-472,-240
55.951,-33,-477,-238
55.968,-32,-475,-237
55.987,-32,-465,-237
56.003,-36,-467,-239
56.016,-34,-470,-226
56.1,-35,-469,-229
56.116,-35,-465,-235
56.13,-40,-463,-240
56.144,-44,-466,-233
56.156,-42,-466,-231
56.177,-39,-461,-236
56.19,-40,-474,-219
56.298,-38,-480,-228
56.315,-37,-483,-230
56.33,-34,-475,-227
56.346,-29,-474,-227
56.361,-30,-478,-230
56.376,-37,-480,-235
56.507,-30,-486,-231
56.521,-38,-485,-229
56.534,-34,-481,-231
56.547,-33,-475,-229
56.56,-34,-467,-229
56.572,-37,-468,-230
56.586,-30,-477,-229
56.695,-29,-481,-226
56.711,-30,-481,-225
56.727,-33,-481,-220
56.744,-39,-481,-222
56.762,-39,-477,-239
56.896,-42,-477,-239
56.921,-41,-471,-233
56.939,-38,-468,-230
56.957,-39,-473,-236
56.977,-37,-471,-223
57.093,-38,-472,-221
57.295,-39,-475,-229
57.307,-37,-478,-231
57.319,-39,-477,-229
57.331,-39,-475,-231
57.342,-39,-478,-230
57.355,-35,-474,-238
57.494,-37,-473,-235
57.51,-37,-469,-231
57.525,-36,-471,-232
57.539,-36,-472,-236
57.694,-34,-470,-236
57.716,-33,-472,-236
57.734,-33,-473,-238
57.747,-30,-475,-237
57.76,-31,-476,-239
57.773,-36,-474,-237
57.787,-30,-482,-226
57.898,-33,-486,-233
57.914,-32,-479,-235
57.928,-32,-472,-235
57.942,-32,-472,-235
57.959,-32,-470,-238
57.975,-30,-472,-239
57.989,-33,-472,-242
58.091,-34,-479,-235
58.106,-35,-474,-233
58.122,-35,-474,-233
58.29,-35,-471,-241
58.305,-36,-474,-243
58.319,-36,-467,-237
58.334,-36,-474,-243
58.355,-31,-471,-245
58.371,-29,-470,-245
58.388,-31,-472,-240
58.491,-27,-481,-240
58.507,-30,-479,-240
58.521,-33,-469,-240
58.537,-34,-463,-238
58.551,-33,-462,-235
58.566,-34,-464,-229
58.581,-37,-473,-243
58.683,-37,-471,-244
58.698,-36,-468,-246
58.715,-34,-466,-243
58.729,-35,-468,-243
58.743,-37,-466,-246
58.758,-37,-466,-243
58.783,-34,-463,-241
58.884,-35,-466,-238
58.896,-38,-478,-235
58.908,-39,-488,-235
58.919,-37,-484,-234
58.932,-39,-483,-231
58.944,-39,-484,-229
58.957,-32,-474,-223
59.082,-34,-474,-226
59.097,-35,-478,-229
59.11,-33,-475,-233
59.122,-32,-470,-232
59.135,-38,-482,-227
59.279,-37,-484,-223
59.295,-38,-484,-222
59.309,-37,-478,-221
59.323,-34,-471,-220
59.34,-34,-478,-230
59.486,-35,-482,-229
59.501,-35,-477,-228
59.518,-33,-477,-230
59.532,-30,-477,-231
59.547,-27,-473,-232
59.561,-36,-472,-220
59.681,-36,-473,-222
59.698,-32,-473,-229
59.713,-34,-475,-231
59.729,-39,-476,-231
59.744,-32,-469,-230
59.881,-34,-469,-233
59.897,-35,-471,-233
59.912,-35,-476,-232
59.926,-38,-477,-228
59.94,-37,-477,-226
59.955,-40,-478,-233
60.077,-38,-477,-230
60.092,-37,-477,-225
60.113,-34,-477,-224
60.129,-33,-473,-233
60.144,-30,-469,-234
60.159,-40,-466,-228
60.267,-33,-474,-228
60.282,-37,-482,-234
60.305,-47,-479,-242
60.318,-45,-478,-243
60.33,-35,-466,-241
60.477,-35,-468,-240
60.493,-35,-471,-240
60.508,-33,-465,-240
60.522,-38,-470,-243
60.674,-35,-478,-242
60.698,-29,-477,-241
60.714,-28,-471,-242
60.726,-32,-468,-241
60.741,-34,-464,-234
60.754,-35,-467,-233
60.767,-34,-471,-243
60.863,-33,-474,-245
60.878,-34,-478,-240
60.903,-35,-479,-238
61.062,-35,-478,-239
61.077,-33,-475,-242
61.09,-35,-471,-244
61.102,-33,-470,-248
61.126,-32,-474,-246
61.14,-28,-475,-245
61.473,-28,-470,-244
61.662,-30,-463,-242
61.678,-29,-464,-243
61.693,-26,-469,-239
61.705,-27,-475,-233
61.716,-34,-476,-239
61.728,-29,-471,-237
61.739,-32,-474,-237
61.869,-29,-472,-236
61.881,-31,-468,-236
61.894,-29,-471,-236
61.906,-26,-470,-236
61.919,-26,-470,-236
61.932,-29,-465,-238
61.946,-28,-469,-245
62.066,-34,-469,-240
62.08,-31,-475,-232
62.095,-27,-478,-228
62.109,-27,-478,-228
62.124,-30,-478,-230
62.147,-31,-473,-231
62.163,-35,-475,-231
62.264,-31,-467,-229
62.281,-32,-468,-229
62.295,-32,-468,-229
62.308,-34,-473,-230
62.32,-35,-471,-229
62.333,-35,-472,-226
62.346,-37,-473,-221
62.464,-36,-480,-217
62.481,-36,-480,-217
62.495,-38,-485,-223
62.51,-39,-485,-226
62.525,-39,-485,-229
62.542,-40,-483,-228
62.561,-30,-480,-224
62.661,-31,-480,-230
62.675,-36,-483,-231
62.69,-36,-480,-227
62.708,-36,-474,-223
62.722,-34,-471,-228
62.735,-26,-472,-228
62.748,-31,-485,-219
62.86,-29,-485,-226
62.875,-33,-479,-225
62.896,-39,-478,-220
62.914,-37,-479,-226
62.929,-36,-474,-234
62.943,-36,-469,-235
62.958,-34,-465,-234
63.058,-35,-469,-237
63.072,-35,-473,-232
63.087,-36,-475,-230
63.102,-36,-485,-229
63.117,-36,-483,-222
63.131,-34,-475,-225
63.146,-27,-475,-228
63.25,-30,-472,-234
63.266,-33,-468,-235
63.279,-34,-469,-227
63.292,-31,-473,-219
63.304,-27,-471,-217
63.316,-30,-468,-217
63.336,-29,-475,-239
63.453,-30,-469,-235
63.473,-29,-467,-236
63.488,-26,-468,-236
63.501,-29,-466,-236
63.517,-34,-466,-250
63.646,-35,-464,-247
63.66,-33,-462,-245
63.682,-30,-462,-242
63.695,-29,-463,-239
63.708,-30,-464,-233
63.724,-32,-471,-241
63.848,-30,-470,-238
63.868,-27,-463,-246
63.879,-29,-462,-249
63.891,-35,-459,-244
63.903,-37,-456,-242
63.916,-33,-472,-239
64.046,-28,-468,-238
64.061,-32,-466,-239
64.076,-32,-464,-237
64.09,-30,-464,-232
64.106,-25,-471,-236
64.255,-31,-474,-236
64.269,-33,-469,-236
64.284,-35,-469,-238
64.299,-33,-471,-237
64.317,-30,-470,-236
64.333,-20,-470,-242
64.453,-22,-467,-243
64.47,-34,-468,-244
64.484,-35,-473,-240
64.499,-33,-475,-233
64.513,-33,-465,-232
64.644,-32,-469,-224
64.661,-34,-473,-224
64.675,-33,-475,-228
64.687,-34,-481,-234
64.698,-33,-477,-241
64.858,-32,-481,-236
64.874,-28,-479,-230
65.048,-30,-476,-231
65.064,-31,-468,-234
65.078,-31,-466,-235
65.09,-33,-465,-249
65.102,-32,-471,-244
65.116,-34,-463,-238
65.243,-35,-462,-237
65.259,-31,-466,-230
65.276,-29,-465,-220
65.292,-33,-465,-222
65.305,-32,-469,-223
65.317,-32,-473,-228
65.329,-29,-467,-229
65.441,-33,-464,-228
65.456,-36,-465,-237
65.469,-40,-465,-245
65.482,-40,-469,-251
65.496,-38,-473,-247
65.512,-35,-475,-241
65.529,-32,-479,-234
65.633,-32,-478,-233
65.649,-34,-473,-224
65.662,-35,-469,-215
65.682,-35,-469,-220
65.695,-38,-469,-224
65.706,-37,-473,-231
65.721,-34,-475,-228
65.838,-31,-478,-226
65.85,-40,-484,-218
65.868,-44,-487,-211
65.882,-37,-486,-220
65.894,-37,-485,-226
65.906,-39,-489,-218
66.03,-35,-489,-211
66.043,-35,-489,-211
66.055,-38,-487,-216
66.067,-37,-486,-216
66.229,-39,-476,-220
66.245,-37,-481,-220
66.27,-34,-483,-222
66.283,-33,-486,-225
66.296,-36,-478,-234
66.441,-38,-480,-235
66.457,-39,-487,-229
66.471,-37,-484,-222
66.488,-39,-478,-221
66.502,-37,-475,-223
66.517,-34,-472,-225
66.534,-36,-485,-224
66.632,-34,-481,-226
66.649,-33,-481,-225
66.68,-34,-483,-229
66.693,-33,-486,-224
66.705,-32,-486,-222
66.717,-32,-486,-222
66.729,-30,-476,-216
66.828,-33,-481,-220
66.843,-35,-483,-224
66.868,-33,-480,-228
66.882,-35,-478,-228
66.897,-38,-478,-245
67.039,-35,-477,-240
67.054,-35,-477,-238
67.07,-38,-481,-237
67.089,-38,-481,-237
67.103,-34,-467,-242
67.227,-33,-464,-245
67.241,-34,-462,-242
67.252,-34,-462,-242
67.263,-35,-468,-237
67.275,-35,-477,-236
67.286,-24,-472,-218
67.429,-26,-468,-223
67.444,-26,-468,-232
67.457,-31,-468,-232
67.47,-31,-467,-236
67.483,-23,-472,-234
67.497,-34,-472,-235
67.63,-30,-474,-233
67.646,-30,-474,-233
67.661,-29,-476,-237
67.676,-26,-476,-241
67.688,-29,-472,-245
67.702,-28,-475,-244
67.716,-28,-467,-239
67.829,-30,-466,-239
67.842,-31,-465,-240
67.856,-31,-463,-240
67.876,-34,-462,-238
67.893,-31,-468,-233
67.909,-32,-467,-235
68.028,-32,-470,-234
68.041,-32,-467,-237
68.053,-32,-468,-241
68.065,-32,-467,-238
68.077,-35,-470,-242
68.226,-31,-474,-243
68.245,-25,-471,-242
68.259,-22,-472,-245
68.273,-23,-470,-249
68.288,-23,-465,-240
68.302,-35,-463,-244
68.425,-36,-466,-242
68.442,-36,-466,-241
68.457,-34,-465,-242
68.471,-33,-465,-237
68.487,-34,-465,-230
68.502,-37,-470,-239
68.617,-38,-467,-237
68.636,-37,-468,-237
68.65,-36,-469,-238
68.675,-34,-471,-237
68.69,-36,-471,-236
68.813,-31,-470,-238
68.829,-27,-474,-246
68.855,-25,-480,-238
68.872,-26,-482,-227
69.013,-25,-484,-227
69.026,-26,-480,-221
69.04,-31,-481,-223
69.054,-34,-483,-221
69.067,-37,-484,-223
69.079,-26,-484,-229
69.215,-29,-485,-226
69.234,-33,-481,-225
69.253,-36,-479,-229
69.283,-38,-484,-228
69.302,-37,-482,-224
69.323,-36,-482,-232
69.424,-36,-479,-230
69.44,-36,-480,-229
69.454,-36,-481,-231
69.466,-36,-483,-229
69.478,-36,-482,-220
69.492,-31,-470,-218
69.618,-34,-469,-215
69.631,-35,-474,-211
69.643,-35,-480,-207
69.656,-33,-479,-226
69.81,-34,-469,-221
69.837,-35,-469,-222
69.853,-38,-471,-228
69.865,-39,-468,-226
69.876,-35,-476,-232
70.016,-33,-477,-230
70.029,-35,-473,-231
70.04,-35,-471,-236
70.051,-31,-472,-238
70.063,-29,-479,-235
70.077,-29,-480,-227
70.09,-36,-466,-234
70.224,-34,-463,-239
70.241,-35,-471,-240
70.256,-35,-472,-238
70.27,-33,-470,-239
70.285,-28,-470,-239
70.301,-26,-469,-240
70.316,-30,-468,-229
70.416,-31,-471,-235
70.432,-34,-470,-236
70.447,-35,-474,-234
70.461,-33,-473,-235
70.476,-32,-467,-238
70.49,-32,-471,-236
70.613,-34,-470,-238
70.627,-35,-476,-239
70.644,-35,-476,-240
70.659,-39,-460,-252
70.809,-37,-462,-252
70.831,-36,-464,-239
70.846,-34,-469,-231
70.861,-33,-468,-239
71.009,-32,-462,-237
71.022,-32,-461,-239
71.034,-34,-470,-239
71.046,-35,-474,-235
71.058,-35,-471,-236
71.069,-36,-472,-238
71.083,-34,-472,-238
71.205,-37,-468,-239
71.217,-34,-466,-239
71.228,-31,-464,-240
71.241,-33,-466,-238
71.253,-37,-470,-239
71.267,-38,-475,-248
71.396,-35,-470,-246
71.422,-31,-469,-245
71.437,-34,-467,-244
71.596,-30,-466,-244
71.611,-29,-465,-244
71.627,-36,-471,-238
71.65,-36,-470,-239
71.668,-36,-474,-240
71.694,-34,-468,-238
71.808,-35,-467,-237
71.823,-35,-472,-237
71.835,-36,-473,-238
71.847,-34,-471,-239
71.86,-34,-471,-239
71.872,-33,-466,-240
71.887,-25,-475,-231
72.008,-26,-476,-234
72.024,-31,-477,-235
72.039,-36,-477,-236
72.053,-36,-477,-236
72.068,-36,-481,-236
72.083,-34,-477,-236
72.099,-35,-472,-228
72.208,-35,-475,-224
72.223,-36,-476,-222
72.237,-36,-476,-222
72.251,-40,-472,-223
72.266,-43,-473,-231
72.395,-39,-477,-219
72.411,-37,-481,-217
72.426,-36,-483,-227
72.44,-34,-484,-223
72.603,-35,-480,-219
72.618,-35,-474,-222
72.635,-36,-474,-227
72.653,-36,-471,-228
72.668,-35,-480,-224
72.799,-37,-483,-226
72.814,-39,-484,-227
72.829,-41,-484,-230
72.842,-41,-483,-225
72.857,-38,-482,-214
72.872,-33,-469,-224
72.998,-34,-469,-228
73.014,-37,-473,-228
73.026,-39,-473,-226
73.039,-37,-473,-227
73.051,-34,-473,-228
73.065,-33,-467,-234
73.192,-32,-472,-224
73.211,-28,-475,-224
73.225,-28,-476,-226
73.239,-30,-479,-223
73.254,-33,-478,-234
73.394,-30,-477,-239
73.41,-33,-471,-242
73.425,-35,-472,-239
73.439,-31,-473,-233
73.455,-29,-473,-230
73.47,-38,-457,-231
73.592,-37,-466,-234
73.616,-36,-474,-239
73.629,-36,-471,-242
73.642,-40,-462,-241
73.654,-40,-461,-240
73.667,-29,-475,-229
73.79,-33,-474,-222
73.992,-34,-471,-225
74.006,-35,-472,-231
74.019,-33,-468,-234
74.031,-33,-469,-237
74.043,-34,-476,-238
74.184,-35,-470,-239
74.209,-35,-465,-239
74.221,-36,-461,-242
74.233,-36,-461,-243
74.245,-34,-463,-241
74.257,-33,-464,-241
74.268,-28,-474,-244
74.392,-32,-474,-246
74.407,-34,-478,-245
74.42,-35,-477,-242
74.433,-31,-471,-239
74.446,-31,-470,-237
74.459,-32,-476,-239
74.471,-37,-465,-237
74.593,-39,-474,-243
74.608,-37,-475,-246
74.622,-36,-468,-251
74.637,-36,-462,-256
74.651,-36,-464,-250
74.668,-34,-466,-249
74.685,-28,-466,-247
74.789,-32,-465,-243
74.803,-30,-467,-237
74.818,-29,-470,-230
74.832,-35,-467,-229
74.847,-35,-468,-237
74.862,-33,-475,-239
74.881,-33,-470,-239
75.192,-34,-463,-239
75.212,-35,-460,-242
75.227,-35,-463,-245
75.241,-36,-468,-245
75.257,-37,-476,-228
75.379,-36,-479,-228
75.392,-34,-478,-234
75.404,-33,-473,-242
75.423,-32,-473,-239
75.437,-34,-471,-233
75.45,-35,-466,-232
75.463,-26,-471,-225
75.581,-31,-470,-220
75.597,-32,-476,-224
75.612,-30,-477,-233
75.626,-31,-475,-234
75.641,-33,-476,-231
75.656,-35,-479,-225
75.672,-39,-474,-232
75.777,-39,-480,-232
75.794,-37,-476,-230
75.81,-32,-481,-225
75.824,-26,-483,-224
75.838,-27,-473,-226
75.853,-27,-473,-226
75.873,-33,-477,-233
75.977,-34,-475,-234
75.994,-31,-474,-231
76.008,-29,-478,-229
76.023,-29,-478,-229
76.037,-33,-479,-233
76.052,-37,-477,-213
76.177,-32,-471,-217
76.193,-32,-468,-225
76.207,-32,-468,-225
76.222,-39,-471,-211
76.366,-37,-465,-228
76.382,-34,-465,-228
76.396,-35,-472,-232
76.422,-35,-479,-228
76.437,-35,-474,-233
76.575,-35,-473,-230
76.589,-36,-473,-225
76.604,-36,-469,-224
76.62,-38,-467,-231
76.636,-39,-468,-236
76.649,-33,-466,-238
76.77,-33,-470,-237
76.782,-34,-476,-234
76.794,-33,-476,-233
76.811,-32,-472,-237
76.824,-32,-464,-241
76.836,-32,-463,-240
76.849,-35,-474,-240
76.975,-33,-472,-238
77.165,-30,-472,-239
77.182,-29,-477,-244
77.196,-28,-477,-244
77.207,-35,-474,-246
77.219,-29,-459,-241
77.367,-31,-458,-238
77.384,-27,-468,-235
77.396,-27,-475,-229
77.407,-32,-476,-229
77.418,-32,-470,-237
77.43,-32,-467,-238
77.442,-27,-467,-240
77.574,-25,-470,-240
77.589,-27,-476,-242
77.601,-27,-472,-245
77.614,-30,-468,-242
77.627,-33,-473,-237
77.64,-30,-475,-236
77.652,-34,-467,-249
77.761,-35,-466,-244
77.775,-33,-465,-240
77.787,-28,-467,-240
77.801,-28,-466,-246
77.815,-32,-466,-247
77.826,-34,-467,-243
77.838,-34,-457,-246
77.963,-33,-461,-241
77.975,-34,-467,-238
77.987,-31,-468,-237
77.998,-29,-471,-236
78.01,-35,-472,-238
78.021,-37,-470,-239
78.035,-33,-470,-247
78.16,-33,-467,-247
78.177,-30,-468,-248
78.205,-29,-469,-246
78.218,-28,-471,-245
78.23,-30,-476,-244
78.245,-31,-475,-242
78.257,-26,-461,-245
78.358,-27,-465,-242
78.372,-29,-469,-243
78.387,-35,-473,-246
78.399,-33,-473,-245
78.412,-30,-473,-242
78.424,-28,-476,-234
78.558,-28,-474,-235
78.572,-34,-476,-238
78.584,-37,-479,-243
78.596,-34,-478,-241
78.61,-42,-467,-237
78.76,-36,-468,-237
78.773,-34,-469,-230
78.784,-35,-460,-225
78.796,-35,-461,-226
78.807,-31,-469,-236
78.821,-38,-472,-241
78.958,-35,-477,-238
78.972,-33,-481,-237
78.984,-37,-479,-234
78.995,-38,-480,-233
79.006,-37,-478,-233
79.019,-36,-476,-232
79.043,-34,-466,-226
79.15,-35,-472,-223
79.166,-35,-475,-224
79.358,-36,-472,-228
79.375,-36,-472,-232
79.389,-29,-477,-228
79.404,-40,-478,-225
79.418,-38,-469,-231
79.433,-36,-483,-212
79.558,-38,-484,-214
79.574,-41,-480,-213
79.589,-38,-479,-212
79.604,-38,-479,-212
79.619,-35,-480,-216
79.635,-37,-478,-216
79.653,-39,-477,-224
79.756,-35,-480,-213
79.77,-35,-480,-213
79.785,-31,-483,-221
79.799,-34,-480,-229
79.814,-35,-480,-233
79.837,-35,-485,-228
79.853,-37,-478,-226
79.958,-32,-475,-219
79.975,-30,-474,-213
79.99,-31,-480,-217
80.006,-31,-485,-225
80.02,-27,-487,-233
80.035,-31,-480,-222
80.158,-32,-480,-232
80.174,-36,-485,-236
80.188,-36,-481,-234
80.203,-33,-484,-235
80.346,-39,-476,-236
80.361,-39,-476,-232
80.376,-31,-479,-227
80.39,-29,-480,-226
80.405,-33,-477,-231
80.55,-30,-475,-238
80.566,-31,-470,-237
80.58,-34,-469,-234
80.594,-33,-467,-235
80.608,-32,-466,-240
80.623,-27,-470,-236
80.748,-30,-474,-238
80.765,-31,-473,-246
80.779,-33,-471,-247
80.794,-37,-468,-243
80.808,-34,-466,-244
80.822,-27,-460,-240
80.95,-31,-465,-242
80.965,-29,-469,-245
80.985,-29,-467,-242
80.998,-32,-466,-239
81.011,-31,-469,-247
81.141,-29,-473,-243
81.155,-26,-469,-237
81.169,-25,-465,-239
81.184,-33,-465,-244
81.196,-36,-466,-238
81.343,-36,-461,-241
81.358,-36,-459,-245
81.38,-38,-462,-249
81.396,-41,-464,-248
81.41,-38,-464,-248
81.424,-40,-471,-230
81.544,-38,-477,-231
81.558,-37,-475,-238
81.573,-34,-470,-241
81.743,-29,-465,-238
81.758,-28,-467,-233
81.943,-30,-468,-237
81.958,-30,-471,-231
81.971,-27,-470,-229
81.985,-29,-461,-237
81.998,-31,-470,-240
82.011,-21,-474,-242
82.023,-31,-474,-235
82.14,-29,-476,-240
82.155,-28,-476,-242
82.17,-32,-477,-241
82.184,-34,-475,-243
82.203,-31,-470,-241
82.217,-29,-469,-234
82.23,-32,-486,-231
82.539,-36,-475,-238
82.554,-38,-469,-241
82.566,-37,-473,-241
82.578,-36,-484,-236
82.59,-36,-485,-236
82.602,-34,-478,-232
82.622,-37,-482,-229
82.728,-34,-481,-231
82.74,-35,-485,-233
82.751,-35,-487,-235
82.763,-31,-486,-233
82.774,-32,-486,-228
82.787,-30,-487,-222
82.8,-36,-485,-230
82.928,-34,-478,-225
82.942,-35,-476,-222
82.956,-37,-476,-219
82.968,-39,-472,-222
82.981,-39,-471,-223
82.994,-39,-471,-223
83.007,-35,-469,-233
83.338,-38,-469,-230
83.354,-37,-475,-229
83.365,-36,-483,-228
83.377,-36,-478,-222
83.392,-36,-478,-222
83.405,-38,-473,-217
83.418,-40,-483,-223
83.541,-36,-474,-222
83.73,-36,-473,-228
83.746,-36,-473,-232
83.765,-36,-473,-232
83.78,-36,-473,-232
83.795,-36,-477,-230
83.815,-31,-476,-232
83.831,-28,-483,-229
83.931,-28,-486,-233
83.947,-32,-481,-234
83.962,-34,-475,-235
83.976,-35,-474,-236
83.993,-35,-471,-236
84.008,-33,-472,-234
84.024,-39,-470,-239
84.13,-37,-465,-237
84.146,-36,-463,-237
84.163,-36,-468,-241
84.184,-34,-477,-242
84.204,-28,-475,-237
84.225,-28,-472,-234
84.25,-31,-466,-240
84.326,-33,-470,-242
84.343,-35,-467,-241
84.359,-35,-462,-236
84.375,-36,-461,-234
84.387,-36,-465,-235
84.4,-36,-467,-238
84.417,-24,-484,-241
84.524,-26,-485,-238
84.546,-31,-485,-235
84.561,-34,-485,-227
84.576,-33,-481,-225
84.59,-32,-481,-233
84.606,-34,-483,-235
84.619,-34,-471,-229
84.725,-35,-474,-224
84.744,-35,-474,-220
84.762,-36,-475,-226
84.781,-31,-478,-231
84.8,-29,-478,-230
84.822,-31,-477,-231
84.848,-34,-483,-222
84.919,-35,-482,-221
84.935,-33,-481,-223
84.949,-35,-477,-225
85.115,-33,-473,-225
85.13,-28,-473,-226
85.143,-24,-477,-238
85.165,-38,-472,-236
85.178,-37,-466,-232
85.191,-38,-464,-234
85.207,-18,-470,-236
85.312,-21,-474,-229
85.328,-20,-480,-231
85.342,-24,-480,-236
85.357,-26,-481,-240
85.381,-31,-485,-242
85.398,-32,-479,-247
85.414,-38,-471,-239
85.524,-32,-479,-237
85.54,-30,-482,-234
85.555,-33,-477,-229
85.57,-34,-469,-231
85.585,-33,-469,-236
85.6,-32,-475,-234
85.616,-27,-478,-220
85.91,-23,-475,-222
85.935,-23,-474,-230
85.949,-28,-471,-233
85.965,-26,-468,-232
85.979,-23,-471,-228
85.994,-23,-472,-226
86.009,-34,-483,-234
86.113,-33,-482,-242
86.128,-34,-477,-239
86.143,-31,-473,-229
86.164,-31,-471,-228
86.18,-32,-476,-235
86.197,-25,-481,-237
86.213,-27,-467,-237
86.314,-27,-466,-239
86.329,-28,-470,-239
86.344,-23,-476,-240
86.359,-21,-476,-233
86.374,-21,-479,-233
86.397,-22,-484,-237
86.413,-49,-478,-233
86.511,-48,-475,-217
86.526,-44,-474,-208
86.549,-44,-465,-212
86.566,-44,-469,-219
86.58,-46,-480,-226
86.595,-46,-480,-226
86.611,-32,-483,-221
86.908,-34,-486,-212
86.923,-35,-486,-214
86.946,-37,-487,-219
86.961,-39,-486,-211
86.977,-44,-474,-218
87.099,-40,-467,-229
87.116,-40,-467,-229
87.131,-38,-468,-231
87.146,-41,-473,-229
87.161,-40,-481,-224
87.184,-40,-485,-218
87.198,-49,-483,-226
87.304,-48,-480,-229
87.315,-48,-474,-231
87.327,-48,-478,-227
87.337,-41,-484,-219
87.348,-45,-484,-222
87.365,-46,-480,-225
87.378,-37,-483,-214
87.496,-34,-476,-207
87.509,-33,-474,-207
87.522,-41,-474,-210
87.536,-47,-482,-205
87.547,-45,-490,-206
87.566,-42,-489,-209
87.712,-35,-477,-219
87.732,-38,-475,-218
87.91,-39,-476,-219
87.926,-41,-479,-219
87.94,-41,-478,-213
87.955,-38,-480,-210
87.97,-35,-475,-218
87.986,-36,-474,-208
88.005,-33,-480,-234
88.106,-32,-478,-231
88.121,-36,-478,-227
88.137,-38,-479,-228
88.154,-37,-480,-228
88.171,-36,-472,-228
88.186,-36,-468,-234
88.2,-36,-466,-229
88.295,-34,-464,-228
88.311,-33,-460,-235
88.326,-34,-465,-235
88.339,-35,-471,-229
88.351,-35,-470,-229
88.363,-38,-472,-235
88.375,-36,-476,-235
88.506,-34,-472,-236
88.52,-37,-470,-238
88.535,-43,-470,-239
88.55,-41,-469,-242
88.565,-34,-469,-245
88.579,-29,-473,-247
88.6,-25,-474,-249
88.704,-24,-476,-246
88.719,-30,-478,-243
88.733,-35,-473,-239
88.75,-36,-469,-240
88.765,-36,-467,-242
88.781,-36,-468,-243
88.8,-39,-471,-242
88.905,-37,-472,-243
88.92,-34,-466,-242
88.935,-33,-466,-241
88.95,-36,-468,-243
89.1,-34,-466,-242
89.112,-33,-466,-243
89.124,-32,-467,-243
89.136,-34,-470,-249
89.295,-31,-476,-251
89.31,-28,-473,-235
89.324,-28,-473,-235
89.338,-30,-473,-238
89.356,-29,-471,-241
89.373,-33,-459,-241
89.485,-32,-460,-236
89.501,-34,-463,-240
89.523,-31,-464,-247
89.536,-29,-467,-241
89.549,-33,-468,-232
89.562,-34,-471,-232
89.576,-33,-471,-238
89.684,-34,-464,-235
89.7,-31,-460,-240
89.714,-29,-465,-240
89.739,-33,-473,-238
89.754,-37,-464,-230
89.891,-32,-469,-229
89.907,-32,-473,-231
89.921,-32,-482,-238
89.935,-30,-481,-235
89.952,-39,-479,-231
90.08,-41,-480,-232
90.105,-41,-483,-234
90.119,-38,-480,-233
90.134,-37,-476,-232
90.149,-37,-476,-232
90.167,-35,-484,-230
90.283,-35,-482,-231
90.301,-40,-480,-227
90.319,-42,-480,-225
90.334,-42,-480,-225
90.348,-39,-476,-229
90.364,-42,-483,-232
90.48,-45,-482,-230
90.494,-51,-477,-223
90.519,-51,-477,-223
90.534,-36,-484,-227
90.691,-42,-481,-221
90.706,-42,-481,-221
90.721,-41,-483,-218
90.737,-40,-480,-221
90.752,-39,-489,-235
90.891,-35,-485,-231
90.907,-33,-478,-223
90.922,-35,-473,-219
90.936,-35,-475,-222
90.951,-42,-474,-223
90.966,-45,-474,-230
90.982,-35,-478,-228
91.093,-35,-473,-226
91.109,-36,-473,-227
91.123,-36,-471,-228
91.138,-36,-470,-234
91.155,-29,-478,-228
91.285,-33,-475,-230
91.3,-34,-474,-235
91.316,-35,-473,-234
91.329,-27,-466,-239
91.477,-27,-472,-242
91.493,-19,-472,-243
91.507,-19,-473,-237
91.522,-28,-469,-234
91.538,-33,-473,-237
91.677,-33,-473,-234
91.691,-28,-475,-229
91.702,-26,-470,-231
91.714,-27,-465,-233
91.725,-29,-465,-237
91.737,-38,-475,-235
91.876,-35,-474,-240
91.887,-31,-473,-238
91.899,-33,-467,-239
91.911,-35,-466,-235
91.931,-37,-470,-229
91.946,-34,-476,-242
92.076,-31,-477,-243
92.092,-25,-479,-235
92.107,-26,-476,-231
92.121,-31,-470,-234
92.137,-29,-472,-233
92.152,-26,-472,-228
92.17,-26,-467,-239
92.275,-29,-468,-242
92.473,-28,-473,-241
92.495,-30,-473,-238
92.511,-33,-475,-239
92.526,-36,-474,-225
92.54,-39,-484,-237
92.666,-39,-480,-236
92.682,-40,-474,-236
92.697,-40,-474,-234
92.711,-44,-469,-233
92.725,-44,-467,-230
92.74,-40,-470,-229
92.756,-36,-478,-230
92.864,-38,-473,-235
92.889,-35,-469,-234
92.904,-37,-467,-228
92.919,-41,-466,-228
92.936,-38,-465,-228
92.952,-37,-465,-228
92.97,-36,-473,-224
93.062,-34,-469,-233
93.078,-33,-467,-228
93.093,-34,-468,-224
93.116,-33,-471,-222
93.129,-32,-474,-221
93.142,-34,-473,-229
93.16,-36,-472,-225
93.265,-40,-468,-222
93.283,-42,-471,-227
93.298,-37,-476,-234
93.312,-33,-469,-223
93.463,-32,-471,-226
93.48,-36,-472,-231
93.496,-40,-473,-230
93.509,-42,-475,-222
93.522,-36,-484,-230
93.662,-36,-480,-227
93.677,-36,-481,-219
93.691,-38,-485,-213
93.706,-38,-485,-213
93.721,-39,-487,-217
93.736,-36,-478,-236
93.862,-38,-475,-229
93.879,-37,-478,-227
93.894,-37,-478,-227
93.908,-34,-478,-225
93.924,-33,-479,-225
93.94,-36,-479,-230
94.062,-34,-472,-233
94.079,-33,-470,-235
94.093,-34,-476,-233
94.108,-33,-483,-233
94.122,-36,-470,-228
94.261,-32,-472,-228
94.281,-32,-479,-226
94.299,-34,-482,-227
94.329,-35,-484,-232
94.346,-39,-473,-238
94.46,-37,-469,-239
94.475,-36,-471,-240
94.489,-36,-468,-236
94.504,-36,-466,-225
94.519,-27,-476,-235
94.664,-32,-472,-236
94.861,-34,-471,-238
94.886,-35,-470,-243
94.905,-35,-471,-242
94.924,-30,-478,-245
94.943,-34,-472,-247
95.06,-31,-479,-243
95.078,-31,-482,-237
95.093,-36,-477,-232
95.107,-38,-473,-234
95.121,-37,-473,-235
95.135,-36,-469,-233
95.152,-33,-470,-240
95.258,-32,-467,-238
95.275,-34,-464,-241
95.29,-37,-460,-243
95.306,-36,-461,-241
95.32,-36,-467,-241
95.335,-38,-477,-238
95.354,-38,-478,-243
95.456,-37,-471,-243
95.471,-36,-466,-246
95.486,-32,-465,-245
95.501,-30,-463,-240
95.524,-37,-464,-238
95.541,-29,-463,-239
95.656,-33,-470,-240
95.67,-34,-470,-238
95.685,-39,-471,-235
95.703,-38,-472,-227
95.855,-37,-472,-230
95.87,-36,-479,-237
95.885,-36,-480,-241
95.9,-30,-471,-236
96.042,-25,-472,-236
96.244,-28,-472,-236
96.442,-34,-475,-232
96.456,-37,-478,-232
96.693,-41,-471,-238
96.706,-38,-461,-241
96.719,-39,-486,-237
96.734,-33,-482,-234
96.755,-32,-481,-237
96.772,-31,-482,-222
96.847,-29,-479,-219
96.863,-28,-472,-213
96.877,-32,-472,-217
96.892,-34,-473,-219
96.907,-35,-473,-215
96.924,-35,-484,-218
96.939,-33,-482,-214
97.046,-30,-477,-219
97.062,-33,-477,-226
97.077,-37,-481,-225
97.098,-36,-481,-220
97.114,-38,-481,-216
97.128,-39,-483,-214
97.143,-48,-479,-229
97.258,-43,-478,-235
97.273,-39,-477,-238
97.289,-40,-481,-232
97.304,-38,-483,-226
97.32,-34,-484,-227
97.335,-37,-485,-225
97.351,-35,-482,-222
97.434,-36,-482,-232
97.45,-38,-477,-236
97.465,-39,-471,-236
97.479,-37,-468,-236
97.495,-34,-470,-236
97.519,-31,-472,-234
97.54,-33,-475,-226
97.635,-32,-476,-223
97.65,-30,-472,-226
97.665,-29,-473,-231
97.68,-32,-471,-232
97.694,-32,-470,-234
97.72,-28,-476,-233
97.741,-35,-470,-236
97.842,-35,-469,-232
97.856,-33,-469,-234
97.869,-30,-469,-237
97.883,-31,-467,-243
97.896,-36,-466,-244
97.909,-36,-466,-244
97.922,-37,-472,-241
98.041,-41,-472,-234
98.062,-40,-473,-231
98.078,-34,-471,-236
98.092,-30,-470,-236
98.107,-30,-470,-236
98.12,-33,-472,-238
98.138,-36,-468,-241
98.239,-36,-471,-238
98.254,-34,-474,-239
98.269,-33,-471,-240
98.283,-33,-471,-240
98.298,-30,-470,-240
98.313,-27,-474,-242
98.337,-38,-469,-237
98.634,-31,-471,-240
98.832,-32,-465,-248
98.848,-28,-459,-237
98.862,-31,-476,-237
99.03,-27,-470,-236
99.046,-30,-465,-238
99.06,-31,-469,-239
99.075,-31,-478,-240
99.09,-32,-475,-240
99.105,-32,-470,-240
99.12,-30,-471,-240
99.228,-30,-477,-241
99.254,-35,-475,-239
99.269,-36,-470,-233
99.282,-31,-467,-235
99.299,-29,-470,-233
99.314,-33,-472,-226
99.334,-37,-475,-225
99.437,-35,-479,-225
99.452,-33,-478,-227
99.467,-33,-475,-223
99.481,-34,-476,-224
99.498,-35,-477,-228
99.514,-35,-473,-234
99.531,-36,-473,-235
99.629,-32,-472,-223
99.643,-34,-473,-224
99.661,-35,-471,-232
99.679,-31,-474,-234
99.696,-27,-478,-225
99.716,-30,-477,-218
99.731,-33,-477,-225
99.828,-38,-475,-224
99.843,-37,-480,-222
99.858,-36,-479,-223
99.872,-40,-473,-219
99.899,-44,-477,-218
99.917,-42,-481,-219
99.932,-39,-481,-224
100.026,-41,-480,-220
100.039,-38,-476,-222
100.051,-37,-472,-227
100.062,-36,-473,-226
100.074,-36,-477,-227
100.086,-36,-477,-232
100.097,-36,-471,-230
100.229,-35,-489,-215
100.248,-40,-487,-211
100.266,-44,-484,-216
100.284,-42,-482,-224
100.301,-39,-484,-228
100.32,-35,-484,-226
100.341,-35,-483,-225
100.424,-37,-471,-219
100.445,-36,-470,-224
100.46,-38,-474,-222
100.473,-37,-480,-223
100.486,-30,-480,-228
100.499,-31,-479,-224
100.513,-36,-482,-220
100.621,-37,-480,-224
100.634,-36,-483,-228
100.646,-38,-484,-228
100.658,-39,-484,-226
100.676,-37,-478,-225
100.69,-36,-478,-227
100.702,-36,-481,-230
100.811,-36,-479,-223
100.831,-36,-478,-219
100.845,-38,-484,-224
100.856,-39,-482,-232
100.868,-36,-478,-234
101.024,-36,-484,-233
101.04,-38,-480,-228
101.054,-39,-476,-230
101.068,-37,-481,-233
101.083,-36,-485,-237
101.101,-31,-483,-236
101.224,-36,-478,-240
101.239,-36,-471,-238
101.254,-36,-478,-230
101.269,-36,-486,-229
101.285,-34,-481,-231
101.308,-35,-475,-234
101.324,-40,-471,-237
101.422,-42,-470,-239
101.622,-37,-459,-239
101.637,-34,-449,-240
101.651,-26,-476,-237
101.666,-34,-465,-243
101.818,-33,-465,-243
101.833,-32,-461,-246
101.847,-32,-461,-246
101.861,-34,-461,-245
101.876,-33,-472,-242
101.89,-28,-474,-241
101.913,-31,-463,-237
102.024,-25,-474,-244
102.041,-25,-474,-244
102.056,-25,-478,-240
102.071,-22,-480,-233
102.088,-23,-480,-231
102.104,-23,-476,-231
102.121,-29,-475,-235
102.211,-33,-472,-229
102.227,-37,-470,-235
102.244,-36,-470,-242
102.263,-36,-474,-239
102.302,-36,-471,-239
102.323,-34,-470,-238
102.41,-38,-471,-238
102.425,-39,-470,-237
102.44,-35,-469,-232
102.455,-35,-467,-228
102.47,-31,-465,-233
102.601,-34,-465,-235
102.627,-35,-469,-227
102.641,-35,-476,-221
102.656,-41,-470,-238
102.81,-38,-469,-239
102.825,-37,-469,-240
102.839,-32,-471,-240
102.865,-30,-470,-238
102.882,-33,-472,-237
102.898,-35,-477,-223
103,-36,-481,-224
103.016,-36,-475,-224
103.208,-36,-474,-220
103.223,-36,-476,-224
103.239,-36,-476,-230
103.253,-35,-475,-221
103.27,-35,-476,-225
103.285,-38,-478,-214
103.409,-41,-482,-220
103.424,-38,-484,-222
103.439,-35,-484,-219
103.455,-35,-491,-217
103.47,-36,-490,-221
103.486,-36,-481,-223
103.502,-38,-472,-225
103.608,-37,-466,-223
103.626,-32,-470,-221
103.644,-34,-480,-221
103.662,-35,-483,-220
103.68,-31,-478,-218
103.701,-31,-475,-217
103.721,-36,-479,-224
103.806,-36,-480,-228
103.821,-36,-478,-226
103.835,-36,-478,-227
103.851,-34,-475,-236
103.866,-33,-479,-221
104.008,-30,-476,-223
104.023,-34,-473,-234
104.198,-37,-471,-227
104.214,-41,-474,-225
104.229,-40,-471,-233
104.243,-34,-474,-237
104.258,-33,-477,-235
104.407,-34,-475,-238
104.423,-35,-468,-239
104.437,-31,-466,-237
104.452,-29,-463,-239
104.468,-28,-462,-239
104.484,-28,-466,-240
104.502,-34,-477,-248
104.603,-33,-473,-252
104.62,-34,-473,-246
104.635,-33,-475,-238
104.649,-32,-472,-237
104.664,-34,-464,-239
104.679,-33,-462,-239
104.694,-37,-468,-231
104.797,-36,-466,-234
104.813,-36,-468,-237
104.831,-36,-476,-245
104.993,-36,-470,-245
105.009,-36,-472,-242
105.022,-34,-470,-243
105.034,-33,-467,-239
105.053,-29,-483,-235
105.194,-31,-482,-242
105.211,-31,-475,-243
105.391,-31,-470,-244
105.407,-31,-470,-244
105.421,-36,-474,-244
105.436,-29,-467,-237
105.452,-33,-464,-234
105.468,-34,-472,-239
105.594,-34,-477,-241
105.61,-34,-477,-241
105.626,-37,-471,-243
105.641,-36,-468,-248
105.656,-36,-466,-252
105.672,-34,-463,-252
105.691,-35,-478,-244
105.784,-36,-467,-246
105.8,-36,-466,-249
105.815,-36,-474,-246
105.829,-36,-473,-243
105.843,-34,-473,-241
105.868,-30,-480,-241
105.885,-33,-470,-243
105.98,-35,-465,-241
106.005,-37,-467,-239
106.018,-36,-468,-233
106.032,-36,-467,-232
106.044,-36,-470,-230
106.058,-36,-474,-229
106.073,-29,-469,-234
106.179,-26,-469,-229
106.194,-34,-476,-230
106.209,-33,-476,-233
106.224,-30,-470,-231
106.25,-35,-471,-224
106.394,-33,-472,-226
106.409,-33,-475,-231
106.424,-34,-478,-227
106.439,-40,-464,-229
106.589,-42,-464,-228
106.604,-39,-469,-230
106.618,-37,-467,-229
106.633,-38,-472,-231
106.648,-41,-479,-227
106.666,-38,-485,-202
106.778,-39,-489,-203
106.794,-39,-487,-210
106.808,-37,-488,-217
106.823,-37,-482,-227
106.838,-39,-486,-225
106.982,-39,-479,-233
106.998,-40,-471,-235
107.013,-38,-472,-227
107.027,-37,-473,-223
107.043,-33,-468,-226
107.176,-37,-471,-234
107.202,-38,-472,-231
107.217,-37,-470,-229
107.232,-36,-470,-229
107.25,-40,-465,-233
107.266,-36,-476,-229
107.381,-36,-472,-228
107.397,-38,-477,-226
107.411,-37,-475,-227
107.426,-34,-470,-234
107.44,-38,-474,-234
107.58,-39,-475,-229
107.596,-39,-472,-233
107.61,-40,-473,-228
107.624,-35,-475,-226
107.652,-23,-481,-242
107.779,-21,-474,-241
107.794,-27,-472,-234
107.809,-34,-472,-231
107.825,-35,-473,-234
107.84,-42,-475,-235
107.857,-31,-475,-232
107.979,-29,-470,-236
108.005,-33,-472,-238
108.027,-34,-472,-237
108.046,-35,-468,-237
108.066,-33,-474,-243
108.171,-30,-478,-243
108.191,-25,-475,-246
108.209,-26,-472,-243
108.229,-31,-474,-230
108.367,-32,-471,-233
108.566,-32,-466,-237
108.772,-33,-469,-237
108.786,-34,-478,-242
108.8,-34,-468,-229
108.978,-33,-468,-222
108.996,-30,-471,-223
109.015,-29,-474,-228
109.033,-29,-474,-228
109.053,-30,-471,-230
109.073,-35,-466,-233
109.092,-40,-465,-233
109.17,-39,-476,-232
109.189,-39,-469,-231
109.208,-37,-471,-234
109.225,-37,-471,-234
109.243,-36,-479,-237
109.262,-34,-480,-239
109.285,-33,-474,-237
109.374,-36,-476,-233
109.389,-36,-477,-242
109.404,-36,-477,-242
109.419,-34,-477,-239
109.434,-39,-479,-235
109.45,-44,-478,-229
109.468,-39,-475,-226
109.562,-39,-475,-226
109.577,-39,-474,-223
109.59,-35,-476,-223
109.604,-38,-478,-224
109.616,-37,-473,-222
109.627,-36,-471,-225
109.639,-36,-476,-231
109.964,-34,-482,-218
109.979,-35,-486,-221
110,-38,-485,-225
110.016,-39,-483,-220
110.032,-41,-480,-216
110.048,-38,-478,-216
110.063,-35,-478,-220
110.166,-37,-481,-221
110.182,-32,-475,-227
110.197,-30,-476,-232
110.211,-27,-481,-232
110.227,-27,-479,-228
110.243,-32,-474,-226
110.256,-39,-475,-233
110.359,-37,-476,-222
110.373,-36,-479,-219
110.387,-36,-478,-228
110.401,-34,-477,-234
110.414,-35,-477,-235
110.425,-37,-477,-231
110.437,-33,-468,-236
110.563,-32,-462,-234
110.58,-30,-466,-235
110.594,-29,-472,-238
110.609,-28,-477,-239
110.624,-32,-477,-239
110.639,-41,-477,-238
110.657,-35,-471,-228
110.762,-35,-472,-224
110.778,-36,-464,-228
110.792,-31,-465,-239
110.807,-25,-467,-242
110.822,-27,-466,-239
110.838,-31,-468,-235
110.854,-29,-469,-248
110.96,-33,-471,-246
110.978,-34,-472,-243
110.996,-37,-468,-241
111.013,-36,-467,-243
111.031,-34,-466,-241
111.052,-31,-461,-238
111.073,-27,-477,-239
111.156,-27,-481,-240
111.17,-30,-481,-244
111.19,-31,-475,-246
111.204,-27,-467,-235
111.352,-31,-462,-240
111.37,-36,-468,-236
111.387,-30,-472,-244
111.559,-31,-471,-246
111.575,-27,-468,-241
111.589,-27,-470,-240
111.602,-32,-472,-240
111.616,-32,-470,-240
111.63,-33,-469,-232
111.758,-32,-467,-243
111.773,-34,-466,-246
111.788,-31,-472,-243
111.802,-29,-475,-235
111.817,-31,-472,-235
111.831,-31,-470,-240
111.849,-31,-478,-244
111.958,-36,-482,-240
111.974,-38,-483,-236
111.989,-37,-478,-234
112.004,-36,-469,-239
112.158,-37,-470,-238
112.179,-36,-469,-239
112.199,-32,-473,-233
112.218,-32,-475,-230
112.238,-37,-475,-228
112.343,-39,-481,-230
112.359,-33,-479,-235
112.383,-32,-480,-236
112.553,-34,-485,-232
112.568,-39,-478,-227
112.586,-39,-476,-232
112.6,-33,-478,-228
112.615,-36,-483,-228
112.748,-34,-484,-234
112.764,-35,-485,-235
112.779,-35,-485,-231
112.793,-33,-483,-223
112.807,-33,-483,-223
112.822,-37,-482,-221
112.837,-34,-477,-218
112.943,-37,-479,-223
112.959,-38,-476,-230
112.973,-33,-476,-225
112.986,-33,-476,-225
112.999,-30,-481,-224
113.013,-33,-483,-228
113.144,-40,-484,-219
113.161,-40,-484,-222
113.176,-40,-484,-222
113.19,-38,-483,-223
113.206,-33,-479,-226
113.344,-35,-486,-235
113.363,-35,-486,-235
113.382,-35,-485,-229
113.399,-33,-481,-222
113.416,-30,-479,-237
113.544,-31,-480,-237
113.562,-31,-474,-238
113.581,-29,-467,-239
113.599,-33,-470,-233
113.619,-33,-479,-235
113.733,-35,-480,-238
113.749,-35,-472,-243
113.941,-35,-470,-244
113.957,-36,-472,-240
113.974,-39,-472,-234
113.988,-35,-475,-242
114.003,-32,-468,-245
114.129,-30,-470,-249
114.143,-29,-476,-246
114.163,-32,-474,-243
114.176,-34,-472,-241
114.189,-37,-474,-236
114.2,-34,-476,-234
114.214,-37,-466,-238
114.328,-36,-465,-239
114.342,-36,-465,-240
114.355,-34,-461,-238
114.368,-35,-465,-241
114.381,-37,-469,-247
114.395,-39,-465,-252
114.415,-35,-467,-240
114.53,-35,-466,-238
114.545,-38,-467,-239
114.559,-35,-470,-240
114.574,-27,-465,-238
114.589,-27,-469,-235
114.604,-32,-471,-233
114.622,-28,-470,-251
114.739,-24,-471,-245
114.754,-22,-468,-240
114.768,-23,-471,-238
114.785,-30,-470,-239
114.799,-42,-471,-242
114.93,-39,-468,-241
114.952,-39,-473,-238
114.969,-40,-477,-233
114.984,-37,-474,-240
115.128,-36,-473,-240
115.144,-34,-473,-234
115.158,-33,-473,-229
115.175,-34,-467,-233
115.189,-33,-464,-236
115.204,-36,-478,-226
115.328,-38,-476,-229
115.347,-37,-476,-226
115.362,-36,-481,-223
115.377,-36,-481,-224
115.39,-36,-475,-222
115.402,-34,-471,-233
115.526,-28,-476,-232
115.735,-32,-481,-230
115.754,-38,-481,-225
115.772,-33,-477,-220
115.791,-34,-480,-225
115.806,-38,-467,-222
115.927,-34,-470,-217
115.942,-37,-474,-216
115.956,-39,-478,-216
115.971,-39,-475,-216
115.988,-39,-474,-214
116.012,-39,-474,-214
116.028,-39,-478,-228
116.123,-39,-475,-224
116.141,-37,-474,-224
116.161,-37,-476,-228
116.174,-37,-476,-228
116.187,-36,-481,-234
116.201,-36,-479,-229
116.216,-42,-477,-232
116.32,-41,-477,-230
116.338,-38,-479,-225
116.354,-38,-479,-225
116.367,-37,-484,-226
116.38,-34,-483,-229
116.393,-35,-482,-229
116.414,-37,-477,-237
116.52,-37,-475,-234
116.714,-40,-480,-235
116.924,-44,-476,-236
116.94,-35,-466,-237
116.955,-34,-465,-243
117.124,-35,-469,-244
117.14,-35,-469,-242
117.156,-36,-475,-243
117.171,-34,-476,-243
117.186,-35,-477,-242
117.201,-35,-477,-234
117.216,-29,-475,-233
117.323,-24,-471,-241
117.337,-28,-472,-234
117.349,-28,-468,-229
117.362,-30,-473,-235
117.374,-31,-475,-240
117.387,-31,-470,-238
117.4,-27,-471,-237
117.519,-29,-466,-241
117.531,-32,-470,-241
117.543,-32,-478,-245
117.555,-34,-480,-244
117.567,-37,-470,-240
117.58,-36,-463,-240
117.594,-38,-464,-240
117.71,-33,-477,-240
117.736,-30,-473,-242
117.75,-27,-473,-243
117.765,-29,-473,-241
117.779,-33,-469,-241
117.797,-32,-467,-238
117.813,-32,-468,-235
117.915,-33,-460,-241
117.93,-35,-462,-243
117.942,-37,-470,-241
117.956,-39,-470,-238
117.975,-39,-467,-237
117.991,-37,-468,-243
118.006,-34,-464,-246
118.114,-36,-467,-233
118.13,-40,-472,-234
118.145,-38,-477,-237
118.159,-35,-477,-235
118.176,-35,-473,-233
118.193,-35,-469,-237
118.21,-38,-473,-236
118.311,-37,-468,-228
118.507,-34,-469,-232
118.521,-33,-467,-232
118.533,-30,-459,-234
118.546,-31,-462,-239
118.558,-29,-470,-240
118.569,-28,-472,-233
118.58,-31,-467,-242
118.707,-36,-479,-233
118.72,-36,-476,-231
118.732,-38,-481,-233
118.744,-39,-479,-233
118.756,-44,-474,-226
118.768,-46,-478,-227
118.908,-40,-479,-232
118.923,-31,-475,-232
118.938,-38,-480,-227
119.107,-37,-476,-223
119.123,-36,-479,-219
119.141,-36,-478,-228
119.154,-36,-480,-230
119.174,-36,-485,-223
119.307,-36,-481,-219
119.322,-36,-478,-217
119.336,-36,-477,-216
119.351,-36,-479,-218
119.367,-36,-482,-223
119.384,-36,-479,-224
119.402,-36,-477,-222
119.495,-34,-484,-221
119.511,-33,-480,-220
119.526,-32,-481,-227
119.541,-32,-483,-229
119.566,-32,-483,-229
119.58,-32,-476,-224
119.599,-36,-480,-219
119.698,-36,-483,-218
119.711,-36,-478,-219
119.723,-34,-473,-222
119.734,-34,-473,-222
119.745,-33,-475,-221
119.757,-32,-470,-218
119.769,-26,-486,-215
119.898,-34,-482,-221
119.914,-34,-482,-221
119.93,-35,-482,-221
119.945,-31,-475,-214
119.964,-29,-470,-209
119.98,-31,-476,-215
119.997,-38,-476,-226
120.092,-37,-477,-234
120.105,-36,-481,-235
120.117,-36,-481,-233
120.129,-34,-481,-237
120.141,-35,-479,-241
120.152,-37,-474,-240
120.164,-29,-474,-231
120.293,-26,-476,-232
120.309,-29,-476,-230
120.324,-33,-477,-227
120.338,-32,-475,-230
120.353,-32,-474,-233
120.369,-32,-473,-237
120.386,-32,-473,-233
120.493,-34,-471,-237
120.518,-29,-472,-236
120.532,-26,-473,-236
120.55,-31,-471,-240
120.565,-29,-470,-242
120.581,-28,-476,-243
120.599,-32,-477,-234
120.693,-34,-481,-235
120.722,-35,-483,-236
120.737,-29,-480,-236
120.751,-26,-474,-234
120.769,-37,-469,-243
121.095,-36,-467,-242
121.11,-34,-468,-239
121.127,-31,-466,-241
121.141,-42,-460,-245
121.157,-36,-465,-233
121.294,-36,-471,-239
121.31,-36,-472,-235
121.325,-36,-466,-234
121.341,-36,-463,-241
121.36,-38,-464,-241
121.379,-33,-459,-243
121.493,-34,-464,-241
121.509,-33,-473,-243
121.524,-30,-475,-243
121.538,-31,-470,-239
121.553,-34,-467,-238
121.568,-37,-466,-237
121.584,-30,-478,-230
121.696,-29,-471,-233
121.711,-35,-466,-241
121.725,-35,-472,-247
121.739,-33,-481,-243
121.754,-37,-479,-239
121.769,-38,-471,-238
121.787,-32,-480,-227
121.893,-36,-483,-227
121.91,-38,-486,-232
121.924,-39,-486,-228
121.936,-42,-479,-226
121.95,-41,-476,-225
121.963,-36,-481,-222
121.977,-36,-474,-232
122.086,-36,-473,-228
122.099,-32,-469,-230
122.112,-32,-469,-231
122.125,-30,-483,-215
122.291,-33,-489,-220
122.307,-30,-489,-231
122.493,-29,-482,-231
122.508,-33,-475,-230
122.683,-39,-480,-214
122.702,-37,-474,-217
122.717,-41,-485,-230
122.731,-40,-485,-231
122.745,-36,-485,-229
122.759,-42,-479,-217
122.89,-36,-476,-221
122.906,-38,-479,-223
122.92,-39,-484,-217
122.933,-37,-482,-208
122.947,-36,-486,-206
122.961,-35,-486,-228
123.087,-33,-487,-236
123.101,-33,-484,-240
123.287,-32,-478,-230
123.301,-34,-475,-222
123.318,-34,-475,-222
123.333,-35,-476,-227
123.349,-36,-471,-238
123.368,-38,-481,-235
123.384,-39,-469,-226
123.476,-31,-470,-215
123.492,-31,-470,-215
123.506,-36,-472,-213
123.519,-38,-472,-223
123.539,-39,-479,-230
123.551,-39,-478,-235
123.57,-42,-478,-247
123.676,-41,-480,-241
123.69,-38,-474,-238
123.702,-37,-471,-239
123.867,-32,-470,-242
123.883,-36,-470,-239
123.904,-42,-467,-229
123.917,-33,-474,-225
123.93,-32,-469,-224
123.943,-28,-463,-233
123.955,-30,-471,-238
124.074,-31,-470,-241
124.091,-29,-471,-243
124.106,-35,-474,-246
124.121,-40,-465,-247
124.136,-38,-459,-243
124.159,-39,-462,-241
124.174,-34,-460,-243
124.264,-33,-460,-239
124.28,-34,-463,-233
124.294,-35,-466,-233
124.314,-35,-472,-234
124.326,-38,-473,-237
124.338,-39,-469,-241
124.353,-34,-463,-236
124.47,-28,-464,-240
124.482,-24,-471,-242
124.495,-26,-472,-241
124.512,-29,-466,-240
124.524,-33,-468,-234
124.537,-34,-471,-226
124.549,-33,-465,-245
124.675,-32,-469,-242
124.69,-32,-476,-239
124.704,-28,-474,-242
124.717,-26,-471,-245
124.731,-29,-470,-242
124.744,-30,-467,-239
124.757,-41,-473,-246
124.873,-38,-473,-241
124.888,-30,-473,-234
124.902,-25,-467,-239
124.917,-26,-464,-246
124.932,-31,-464,-249
124.948,-34,-467,-246
124.974,-32,-467,-243
125.069,-30,-468,-244
125.083,-33,-473,-237
125.095,-39,-477,-232
125.107,-37,-469,-234
125.125,-34,-467,-231
125.137,-35,-476,-229
125.149,-35,-469,-231
125.274,-35,-467,-234
125.29,-36,-466,-233
125.303,-36,-465,-237
125.316,-36,-469,-236
125.328,-40,-478,-236
125.341,-31,-480,-239
125.471,-31,-483,-242
125.666,-32,-482,-236
125.682,-30,-479,-228
125.697,-31,-476,-224
125.711,-36,-479,-216
125.726,-34,-481,-223
125.86,-35,-479,-219
125.875,-35,-474,-218
125.888,-33,-471,-223
125.909,-35,-474,-226
125.922,-33,-480,-218
125.934,-33,-480,-220
126.061,-35,-472,-222
126.076,-39,-477,-221
126.091,-42,-479,-220
126.104,-41,-474,-218
126.117,-38,-469,-217
126.13,-33,-469,-216
126.143,-34,-483,-232
126.258,-35,-480,-226
126.274,-35,-478,-225
126.289,-33,-482,-227
126.305,-30,-481,-223
126.319,-31,-481,-224
126.336,-34,-477,-226
126.354,-41,-483,-224
126.459,-42,-482,-222
126.472,-41,-481,-223
126.488,-36,-483,-224
126.501,-36,-482,-222
126.514,-38,-477,-221
126.534,-38,-477,-221
126.548,-37,-474,-217
126.704,-36,-471,-221
126.716,-36,-470,-229
126.728,-34,-474,-226
126.74,-31,-478,-223
126.751,-31,-478,-223
126.764,-31,-479,-230
126.777,-36,-481,-236
126.857,-36,-479,-236
126.872,-40,-480,-236
126.886,-40,-480,-236
126.908,-33,-470,-230
127.055,-34,-468,-246
127.077,-34,-468,-246
127.092,-35,-467,-245
127.104,-33,-468,-247
127.116,-32,-468,-249
127.127,-35,-471,-238
127.246,-31,-476,-239
127.272,-25,-479,-240
127.287,-22,-476,-240
127.3,-25,-470,-240
127.319,-31,-474,-236
127.335,-33,-476,-243
127.445,-32,-470,-235
127.46,-34,-467,-231
127.472,-33,-466,-238
127.484,-28,-470,-241
127.504,-26,-474,-243
127.517,-32,-464,-239
127.654,-36,-467,-239
127.668,-36,-470,-244
127.683,-36,-476,-246
127.697,-34,-476,-247
127.85,-35,-472,-243
127.865,-35,-468,-239
127.88,-36,-471,-242
127.894,-36,-468,-245
127.909,-36,-464,-247
127.926,-36,-465,-247
127.943,-25,-465,-239
128.046,-28,-465,-244
128.061,-30,-465,-244
128.078,-33,-463,-242
128.095,-35,-466,-241
128.111,-35,-470,-240
128.125,-23,-470,-240
128.248,-28,-472,-240
128.264,-32,-474,-240
128.279,-34,-478,-240
128.293,-33,-474,-231
128.452,-35,-469,-240
128.465,-33,-465,-244
128.48,-32,-467,-238
128.496,-34,-470,-235
128.511,-35,-471,-227
128.845,-35,-474,-226
128.861,-33,-474,-229
128.875,-35,-475,-228
128.886,-37,-476,-232
128.898,-32,-475,-234
128.91,-30,-474,-233
128.922,-35,-483,-235
129.042,-37,-486,-231
129.054,-36,-481,-225
129.073,-38,-479,-222
129.085,-41,-486,-225
129.099,-40,-488,-227
129.111,-40,-486,-219
129.123,-32,-475,-224
129.433,-32,-472,-226
129.449,-36,-466,-223
129.464,-38,-470,-223
129.479,-37,-474,-222
129.493,-34,-475,-219
129.518,-29,-478,-219
129.535,-34,-473,-215
129.641,-42,-488,-216
129.655,-41,-484,-220
129.67,-38,-482,-227
129.682,-39,-484,-229
129.695,-42,-484,-233
129.71,-41,-478,-230
129.727,-38,-473,-224
129.841,-33,-475,-226
129.857,-30,-481,-227
129.87,-33,-483,-223
130.028,-34,-484,-228
130.041,-37,-485,-237
130.052,-41,-481,-236
130.064,-36,-466,-225
130.083,-32,-470,-231
130.097,-27,-478,-234
130.108,-27,-476,-227
130.235,-30,-477,-223
130.247,-35,-475,-226
130.259,-33,-470,-231
130.271,-35,-469,-227
130.284,-37,-473,-228
130.303,-32,-480,-239
130.316,-26,-474,-234
130.441,-29,-474,-235
130.632,-33,-473,-231
130.648,-30,-473,-230
130.662,-31,-473,-235
130.674,-36,-475,-238
130.687,-38,-470,-235
130.699,-28,-471,-235
130.712,-28,-470,-230
130.837,-32,-465,-227
130.85,-34,-472,-223
130.861,-33,-477,-228
130.873,-30,-479,-232
130.884,-29,-478,-230
130.896,-29,-478,-230
130.908,-36,-477,-233
131.03,-38,-475,-233
131.044,-39,-476,-226
131.057,-33,-477,-225
131.07,-37,-477,-231
131.083,-37,-477,-231
131.096,-40,-475,-229
131.11,-25,-477,-213
131.225,-18,-479,-215
131.242,-19,-484,-217
131.256,-19,-483,-221
131.27,-19,-477,-227
131.285,-19,-477,-227
131.301,-30,-479,-232
131.427,-34,-483,-231
131.444,-31,-478,-230
131.458,-27,-475,-224
131.625,-27,-478,-226
131.639,-27,-478,-226
131.652,-28,-484,-231
131.665,-28,-483,-223
131.678,-32,-484,-219
131.692,-32,-484,-219
131.705,-31,-474,-230
131.826,-35,-474,-224
131.841,-33,-476,-222
131.856,-33,-476,-222
131.87,-28,-476,-223
131.885,-24,-479,-224
131.898,-24,-480,-220
131.913,-37,-488,-209
132.025,-34,-491,-217
132.04,-34,-491,-217
132.053,-37,-490,-216
132.065,-38,-489,-220
132.079,-39,-485,-222
132.092,-39,-481,-213
132.112,-38,-493,-210
132.225,-35,-491,-213
132.239,-29,-479,-213
132.254,-30,-472,-215
132.266,-35,-472,-216
132.279,-38,-475,-218
132.291,-37,-482,-219
132.305,-36,-473,-220
132.42,-34,-469,-216
132.438,-31,-473,-220
132.451,-31,-473,-222
132.464,-32,-471,-219
132.476,-34,-478,-217
132.487,-37,-482,-217
132.499,-37,-488,-224
132.625,-36,-489,-226
132.651,-36,-487,-225
132.67,-36,-484,-218
132.689,-36,-480,-206
132.707,-36,-476,-205
132.725,-36,-479,-213
132.745,-40,-476,-209
132.818,-38,-476,-211
132.837,-39,-479,-213
132.851,-39,-482,-221
132.865,-37,-484,-229
132.88,-41,-478,-233
132.895,-42,-475,-234
132.91,-22,-472,-229
133.015,-21,-475,-222
133.032,-20,-472,-223
133.046,-20,-472,-226
133.059,-22,-477,-221
133.072,-25,-477,-222
133.085,-31,-473,-232
133.098,-31,-481,-232
133.213,-32,-485,-238
133.23,-36,-485,-239
133.409,-32,-479,-235
133.423,-21,-474,-234
133.436,-23,-476,-223
133.448,-23,-472,-223
133.46,-26,-473,-230
133.471,-34,-477,-237
133.619,-29,-481,-241
133.632,-28,-483,-230
133.645,-30,-484,-218
133.658,-33,-483,-225
133.821,-35,-480,-231
133.835,-17,-476,-228
133.849,-16,-483,-228
133.861,-20,-484,-234
133.873,-26,-474,-235
133.886,-27,-479,-227
134.01,-27,-478,-230
134.025,-30,-477,-225
134.039,-27,-475,-226
134.053,-23,-474,-234
134.065,-23,-476,-231
134.078,-26,-478,-229
134.092,-34,-481,-226
134.21,-35,-479,-223
134.226,-31,-476,-228
134.24,-27,-472,-234
134.41,-30,-473,-235
134.427,-31,-473,-233
134.44,-31,-471,-233
134.453,-28,-473,-228
134.465,-28,-473,-232
134.479,-28,-473,-234
134.493,-40,-479,-231
134.608,-42,-471,-238
134.622,-36,-470,-241
134.636,-34,-474,-238
134.65,-35,-471,-231
134.665,-35,-472,-225
134.68,-40,-475,-227
134.7,-32,-478,-222
134.809,-28,-480,-223
134.823,-28,-478,-221
134.835,-32,-475,-221
134.848,-34,-474,-222
134.86,-35,-474,-217
134.873,-35,-478,-214
134.886,-32,-471,-226
135.01,-36,-470,-221
135.025,-36,-471,-218
135.04,-34,-477,-217
135.055,-33,-481,-210
135.07,-34,-481,-211
135.086,-37,-481,-222
135.102,-33,-479,-217
135.207,-34,-478,-208
135.225,-35,-482,-210
135.239,-33,-481,-213
135.254,-30,-479,-206
135.269,-33,-482,-214
135.283,-35,-486,-223
135.299,-34,-478,-219
135.407,-33,-473,-222
135.423,-30,-477,-223
135.438,-29,-481,-219
135.453,-37,-475,-237
135.6,-34,-482,-234
135.613,-33,-484,-227
135.625,-32,-482,-227
135.796,-35,-474,-234
135.81,-33,-478,-233
135.823,-35,-480,-235
135.835,-36,-465,-237
136.005,-29,-471,-245
136.02,-26,-472,-247
136.035,-31,-473,-239
136.047,-32,-475,-235
136.059,-30,-476,-240
136.072,-30,-476,-240
136.085,-33,-473,-237
136.207,-32,-471,-243
136.221,-32,-472,-241
136.233,-30,-477,-245
136.245,-31,-477,-244
136.257,-31,-477,-244
136.27,-31,-475,-238
136.284,-33,-480,-240
136.407,-34,-476,-238
136.423,-31,-472,-237
136.437,-31,-472,-237
136.449,-29,-466,-234
136.461,-33,-463,-233
136.473,-34,-464,-237
136.487,-39,-473,-247
136.598,-26,-467,-245
136.615,-26,-467,-245
136.631,-29,-468,-242
136.65,-33,-469,-241
136.663,-34,-467,-238
136.676,-35,-462,-235
136.689,-31,-470,-247
136.792,-31,-467,-241
136.814,-32,-468,-238
136.825,-34,-471,-241
136.836,-35,-470,-243
136.849,-35,-472,-241
136.86,-31,-472,-234
136.872,-34,-458,-237
136.991,-33,-462,-243
137.004,-32,-468,-243
137.017,-30,-471,-244
137.03,-31,-472,-228
137.392,-31,-472,-222
137.408,-29,-471,-223
137.422,-29,-474,-230
137.437,-30,-478,-229
137.451,-31,-469,-226
137.466,-35,-475,-228
137.58,-31,-476,-224
137.595,-29,-472,-222
137.607,-33,-473,-219
137.619,-34,-473,-219
137.641,-35,-475,-224
137.653,-38,-480,-228
137.666,-29,-487,-215
137.789,-26,-478,-215
137.81,-29,-475,-220
137.825,-37,-476,-222
137.837,-38,-470,-219
137.848,-33,-472,-215
137.86,-32,-475,-213
137.874,-30,-485,-218
137.982,-31,-479,-221
137.997,-36,-473,-227
138.009,-36,-475,-223
138.022,-34,-476,-224
138.034,-35,-479,-228
138.046,-35,-482,-224
138.06,-31,-473,-213
138.19,-33,-473,-225
138.205,-39,-477,-227
138.218,-35,-473,-223
138.229,-27,-469,-219
138.24,-25,-473,-226
138.253,-29,-473,-227
138.268,-30,-475,-221
138.38,-31,-478,-221
138.395,-36,-480,-220
138.407,-40,-480,-218
138.418,-36,-483,-217
138.429,-34,-486,-221
138.441,-37,-481,-227
138.453,-34,-485,-225
138.591,-31,-485,-220
138.607,-31,-485,-220
138.62,-32,-479,-220
138.632,-32,-476,-220
138.645,-34,-479,-218
138.659,-35,-478,-217
138.673,-33,-480,-235
138.777,-35,-483,-234
138.976,-33,-478,-235
139.184,-30,-471,-231
139.197,-29,-470,-227
139.212,-33,-467,-232
139.224,-34,-476,-240
139.238,-20,-481,-237
139.379,-22,-477,-239
139.393,-29,-473,-235
139.405,-31,-475,-231
139.417,-29,-476,-236
139.428,-31,-474,-242
139.44,-33,-474,-241
139.451,-29,-475,-238
139.576,-33,-474,-239
139.588,-36,-471,-237
139.601,-36,-466,-239
139.612,-36,-465,-239
139.624,-36,-472,-240
139.636,-32,-474,-238
139.649,-28,-478,-240
139.777,-30,-473,-242
139.793,-31,-471,-235
139.807,-31,-468,-229
139.976,-32,-464,-233
139.992,-34,-469,-234
140.006,-35,-475,-237
140.021,-27,-485,-242
140.035,-25,-481,-239
140.049,-24,-470,-239
140.061,-32,-470,-238
140.177,-34,-467,-237
140.195,-35,-470,-234
140.209,-33,-478,-233
140.222,-32,-478,-228
140.235,-32,-475,-222
140.248,-32,-475,-222
140.261,-35,-479,-232
140.374,-33,-478,-232
140.387,-32,-482,-232
140.399,-30,-479,-232
140.411,-27,-480,-232
140.421,-27,-480,-232
140.432,-25,-483,-230
140.442,-35,-483,-229
140.562,-37,-484,-228
140.587,-37,-485,-228
140.601,-34,-485,-226
140.615,-34,-485,-226
140.627,-31,-481,-221
140.642,-29,-477,-218
140.656,-38,-483,-225
140.761,-39,-481,-226
140.776,-37,-479,-221
140.788,-37,-479,-221
140.8,-37,-480,-223
140.821,-36,-478,-223
140.835,-36,-473,-222
140.849,-32,-485,-227
140.972,-30,-488,-227
140.986,-30,-488,-227
141.001,-31,-486,-225
141.015,-36,-484,-218
141.027,-36,-478,-219
141.042,-38,-482,-220
141.059,-35,-482,-220
141.162,-32,-481,-229
141.365,-32,-481,-224
141.381,-32,-481,-209
141.395,-32,-483,-204
141.41,-34,-482,-219
141.424,-35,-473,-230
141.44,-35,-467,-233
141.454,-33,-466,-233
141.559,-35,-480,-229
141.575,-33,-472,-222
141.599,-32,-466,-215
141.613,-34,-465,-213
141.627,-33,-467,-221
141.645,-28,-468,-227
141.663,-28,-471,-230
141.763,-31,-479,-230
141.782,-27,-478,-233
141.796,-27,-475,-232
141.808,-32,-478,-234
141.82,-32,-476,-233
141.834,-32,-472,-235
141.848,-34,-475,-233
141.96,-26,-473,-233
141.976,-29,-471,-234
141.99,-33,-472,-240
142.003,-34,-477,-236
142.015,-35,-477,-229
142.026,-35,-477,-231
142.039,-38,-479,-229
142.161,-35,-471,-234
142.174,-29,-468,-235
142.185,-24,-468,-231
142.202,-22,-475,-232
142.214,-27,-472,-236
142.226,-36,-468,-234
142.239,-38,-471,-235
142.36,-34,-471,-235
142.376,-35,-476,-233
142.391,-35,-477,-233
142.415,-36,-468,-237
142.426,-38,-467,-241
142.44,-37,-468,-242
142.557,-34,-464,-243
142.57,-31,-464,-237
142.582,-25,-471,-236
142.594,-24,-470,-236
142.607,-28,-467,-240
142.619,-32,-468,-236
142.631,-34,-469,-227
142.754,-32,-468,-234
142.766,-32,-477,-237
142.778,-34,-475,-239
142.795,-37,-472,-239
142.808,-36,-475,-240
142.821,-34,-476,-240
142.834,-33,-479,-240
142.955,-34,-483,-236
142.971,-33,-477,-236
142.983,-32,-473,-234
142.996,-28,-471,-233
143.009,-28,-472,-232
143.023,-30,-470,-234
143.043,-29,-465,-237
143.157,-25,-482,-238
143.172,-29,-488,-239
143.185,-32,-484,-239
143.197,-34,-480,-235
143.209,-35,-474,-234
143.222,-35,-471,-237
143.236,-36,-472,-236
143.346,-29,-475,-228
143.361,-33,-470,-234
143.375,-34,-467,-233
143.558,-35,-470,-230
143.573,-38,-474,-233
143.588,-41,-480,-234
143.601,-36,-481,-233
143.613,-29,-478,-220
143.748,-31,-475,-216
143.762,-27,-478,-220
143.774,-27,-480,-226
143.785,-32,-478,-223
143.803,-34,-475,-226
143.815,-35,-474,-231
143.826,-32,-475,-228
143.958,-34,-480,-217
143.974,-37,-479,-217
143.986,-39,-476,-221
143.998,-37,-478,-222
144.01,-32,-478,-225
144.022,-32,-477,-223
144.034,-28,-475,-220
144.147,-32,-476,-218
144.161,-36,-479,-219
144.174,-38,-480,-226
144.187,-37,-478,-229
144.199,-36,-478,-226
144.212,-36,-477,-227
144.226,-36,-475,-228
144.353,-34,-472,-224
144.365,-30,-472,-222
144.378,-29,-475,-231
144.39,-30,-480,-236
144.402,-33,-476,-236
144.415,-36,-469,-229
144.551,-36,-471,-226
144.563,-36,-472,-227
144.576,-36,-475,-217
144.59,-36,-475,-217
144.601,-27,-475,-238
144.751,-29,-476,-239
144.764,-33,-468,-244
144.778,-33,-468,-244
144.79,-36,-466,-244
144.801,-38,-472,-240
144.813,-25,-476,-242
144.942,-20,-472,-240
144.964,-20,-472,-240
144.979,-24,-470,-238
144.994,-26,-472,-235
145.009,-29,-475,-231
145.023,-33,-478,-234
145.039,-33,-465,-241
145.146,-30,-463,-238
145.162,-29,-468,-235
145.175,-30,-471,-236
145.187,-31,-470,-236
145.199,-34,-469,-240
145.211,-22,-472,-238
145.341,-21,-470,-239
145.354,-22,-465,-248
145.366,-21,-465,-254
145.379,-30,-475,-240
145.543,-29,-476,-244
145.557,-30,-472,-248
145.569,-35,-468,-250
145.582,-44,-469,-251
145.594,-40,-471,-247
145.607,-28,-475,-232
145.738,-34,-472,-234
145.751,-35,-468,-235
145.764,-35,-471,-238
145.777,-36,-472,-239
145.797,-36,-468,-237
145.81,-24,-473,-237
145.929,-24,-477,-239
145.943,-24,-479,-233
145.955,-26,-476,-232
145.966,-29,-472,-236
145.977,-28,-477,-238
145.989,-35,-479,-222
146.136,-31,-480,-223
146.147,-29,-478,-221
146.159,-31,-476,-216
146.17,-29,-478,-218
146.182,-31,-478,-223
146.2,-30,-468,-227
146.339,-29,-473,-227
146.355,-32,-475,-226
146.368,-32,-472,-227
146.381,-30,-475,-227
146.392,-31,-480,-226
146.404,-29,-478,-223
146.416,-35,-471,-223
146.54,-33,-474,-224
146.554,-28,-486,-224
146.568,-24,-492,-220
146.581,-26,-482,-216
146.593,-29,-479,-214
146.605,-26,-477,-218
146.728,-31,-477,-219
146.745,-34,-481,-222
146.759,-35,-479,-223
146.773,-35,-480,-226
146.785,-28,-482,-227
146.937,-26,-475,-228
146.949,-27,-472,-228
146.962,-29,-479,-226
146.975,-33,-480,-225
146.988,-35,-480,-222
147.131,-33,-474,-219
147.145,-32,-474,-217
147.159,-34,-473,-223
147.172,-35,-469,-234
147.193,-33,-469,-239
147.207,-31,-478,-234
147.34,-29,-478,-229
147.355,-31,-479,-222
147.367,-33,-476,-219
147.38,-32,-470,-215
147.392,-32,-463,-218
147.404,-36,-460,-227
147.417,-34,-474,-229
147.526,-33,-482,-226
147.539,-32,-484,-229
147.55,-34,-480,-231
147.561,-31,-481,-227
147.573,-23,-485,-223
147.585,-27,-474,-234
147.727,-25,-469,-227
147.743,-22,-465,-229
147.757,-25,-461,-237
147.772,-27,-465,-230
147.786,-30,-469,-232
147.926,-27,-471,-234
147.941,-25,-474,-231
147.955,-25,-467,-231
147.967,-25,-467,-231
147.979,-32,-462,-238
148.001,-30,-478,-232
148.114,-28,-476,-226
148.128,-28,-476,-226
148.141,-26,-481,-218
148.159,-29,-481,-221
148.171,-26,-479,-223
148.184,-19,-478,-228
148.325,-13,-482,-226
148.337,-19,-483,-226
148.349,-24,-480,-231
148.367,-22,-476,-229
148.38,-23,-477,-222
148.393,-27,-488,-231
148.524,-25,-489,-225
148.54,-24,-480,-222
148.555,-22,-474,-225
148.57,-21,-478,-231
148.585,-24,-473,-229
148.6,-27,-475,-230
148.715,-25,-476,-235
148.731,-24,-479,-231
148.746,-28,-480,-223
148.76,-32,-481,-219
148.776,-32,-485,-218
148.792,-24,-477,-216
148.924,-28,-481,-218
148.94,-32,-475,-217
148.955,-30,-472,-219
148.969,-35,-485,-222
149.125,-33,-485,-214
149.141,-28,-485,-211
149.156,-30,-483,-218
149.17,-33,-480,-219
149.185,-32,-484,-209
149.312,-34,-482,-224
149.33,-35,-484,-220
149.344,-31,-486,-218
149.359,-27,-488,-217
149.374,-25,-488,-216
149.39,-34,-482,-212
149.517,-35,-484,-219
149.534,-37,-482,-221
149.548,-37,-479,-219
149.563,-30,-482,-219
149.579,-30,-474,-219
149.71,-29,-478,-219
149.725,-28,-475,-222
149.749,-28,-474,-221
149.765,-28,-476,-216
149.783,-26,-473,-225
149.913,-31,-477,-220
149.928,-34,-479,-214
149.943,-30,-482,-219
149.958,-29,-488,-222
149.993,-29,-475,-217
